# map seed success status cycles time_ms start_nodes goal_nodes path_nodes
# status: 0=PASS 1=TIMEOUT 2=X_PROPAGATION 3=PATH_CHECK_FAIL
0 42 1 0 273099 0.901226700 193 327 69
0 43 1 0 1081561 3.569151300 701 6140 120
0 44 1 0 572906 1.890589800 732 604 78
0 45 1 0 320530 1.057749000 241 203 61
0 46 1 0 579606 1.912699800 620 1415 88
0 47 1 0 477490 1.575717000 545 765 81
0 48 1 0 219354 0.723868200 147 684 72
0 49 1 0 211186 0.696913800 124 418 72
0 50 1 0 465540 1.536282000 602 1907 79
0 51 1 0 544465 1.796734500 1203 2240 86
0 52 1 0 376475 1.242367500 203 487 63
0 53 1 0 576427 1.902209100 579 3170 94
0 54 1 0 398909 1.316399700 342 305 68
0 55 1 0 317847 1.048895100 398 276 67
0 56 1 0 567467 1.872641100 630 1550 71
0 57 1 0 414819 1.368902700 430 706 68
0 58 1 0 891512 2.941989600 1272 2885 82
0 59 1 0 801801 2.645943300 836 1483 97
0 60 1 0 348800 1.151040000 321 367 72
0 61 1 0 1385207 4.571183100 723 10666 102
0 62 1 0 460432 1.519425600 459 670 81
0 63 1 0 433753 1.431384900 399 1045 66
0 64 1 0 658726 2.173795800 480 3712 73
0 65 1 0 468163 1.544937900 438 775 78
0 66 1 0 535210 1.766193000 628 925 76
0 67 1 0 318185 1.050010500 229 708 65
0 68 1 0 1057901 3.491073300 998 3180 102
0 69 1 0 424663 1.401387900 564 461 84
0 70 1 0 1165637 3.846602100 124 6658 77
0 71 1 0 505693 1.668786900 314 784 69
0 72 1 0 574568 1.896074400 514 1429 76
0 73 1 0 723273 2.386800900 1222 2978 100
0 74 1 0 675152 2.228001600 882 1097 81
0 75 1 0 479967 1.583891100 421 1653 75
0 76 1 0 354746 1.170661800 273 1068 70
0 77 1 0 433450 1.430385000 572 1451 72
0 78 1 0 495454 1.634998200 505 1358 76
0 79 1 0 611146 2.016781800 487 766 87
0 80 1 0 440443 1.453461900 356 1977 84
0 81 1 0 318688 1.051670400 202 869 64
0 82 1 0 686989 2.267063700 1170 1340 82
0 83 1 0 537790 1.774707000 649 1124 92
0 84 1 0 358668 1.183604400 298 204 77
0 85 1 0 595161 1.964031300 817 676 80
0 86 1 0 542939 1.791698700 720 704 77
0 87 1 0 391702 1.292616600 308 723 63
0 88 1 0 1180381 3.895257300 428 9078 94
0 89 1 0 583982 1.927140600 371 2402 91
0 90 1 0 728062 2.402604600 93 3725 93
0 91 1 0 492190 1.624227000 756 707 68
1 42 1 0 300228 0.990752400 532 236 63
1 43 1 0 271639 0.896408700 220 420 66
1 44 1 0 600765 1.982524500 1504 1367 92
1 45 1 0 500009 1.650029700 708 1145 78
1 46 1 0 382731 1.263012300 530 399 83
1 47 1 0 296274 0.977704200 356 235 69
1 48 1 0 565453 1.865994900 1769 1403 104
1 49 1 0 407721 1.345479300 680 949 65
1 50 1 0 800730 2.642409000 3022 228 82
1 51 1 0 371700 1.226610000 432 397 76
1 52 1 0 457110 1.508463000 751 479 70
1 53 1 0 391917 1.293326100 448 669 68
1 54 1 0 673531 2.222652300 1463 1248 85
1 55 1 0 342085 1.128880500 505 300 71
1 56 1 0 602131 1.987032300 1426 1389 75
1 57 1 0 642202 2.119266600 1813 1046 94
1 58 1 0 359783 1.187283900 716 480 68
1 59 1 0 522500 1.724250000 1022 443 76
1 60 1 0 677676 2.236330800 1577 1513 94
1 61 1 0 387502 1.278756600 492 615 68
1 62 1 0 260792 0.860613600 395 207 69
1 63 1 0 467002 1.541106600 856 1355 83
1 64 1 0 260691 0.860280300 330 333 67
1 65 1 0 319594 1.054660200 353 213 73
1 66 1 0 632444 2.087065200 1275 1843 120
1 67 1 0 468126 1.544815800 622 687 69
1 68 1 0 431488 1.423910400 818 883 97
1 69 1 0 1580041 5.214135300 11616 58 82
1 70 1 0 589369 1.944917700 1174 1379 104
1 71 1 0 649793 2.144316900 1597 1110 89
1 72 1 0 494610 1.632213000 670 900 73
1 73 1 0 445149 1.468991700 627 614 86
1 74 1 0 409290 1.350657000 1130 712 64
1 75 1 0 434786 1.434793800 890 226 74
1 76 1 0 360478 1.189577400 545 564 75
1 77 1 0 422331 1.393692300 386 405 74
1 78 1 0 582249 1.921421700 1264 813 75
1 79 1 0 558212 1.842099600 1077 995 74
1 80 1 0 414058 1.366391400 869 523 75
1 81 1 0 778567 2.569271100 2581 1630 108
1 82 1 0 678071 2.237634300 1494 837 105
1 83 1 0 314068 1.036424400 457 338 70
1 84 1 0 415881 1.372407300 697 671 68
1 85 1 0 893835 2.949655500 5032 95 92
1 86 1 0 309089 1.019993700 536 248 81
1 87 1 0 552587 1.823537100 1890 1459 83
1 88 1 0 467027 1.541189100 520 684 82
1 89 1 0 630940 2.082102000 1240 760 89
1 90 1 0 423861 1.398741300 536 980 79
1 91 1 0 557816 1.840792800 1074 1109 89
2 42 1 0 695291 2.294460300 804 1794 103
2 43 1 0 661151 2.181798300 1631 1890 85
2 44 1 0 382528 1.262342400 428 500 84
2 45 1 0 471421 1.555689300 652 1065 95
2 46 1 0 359758 1.187201400 322 529 74
2 47 1 0 670454 2.212498200 1583 1522 104
2 48 1 0 519158 1.713221400 676 1393 82
2 49 1 0 723671 2.388114300 1896 1748 97
2 50 1 0 456186 1.505413800 596 790 71
2 51 1 0 405881 1.339407300 465 737 75
2 52 1 0 730956 2.412154800 1122 1399 99
2 53 1 0 510068 1.683224400 673 484 81
2 54 1 0 560429 1.849415700 856 1125 77
2 55 1 0 375531 1.239252300 371 600 76
2 56 1 0 278816 0.920092800 446 313 73
2 57 1 0 728608 2.404406400 1467 2515 75
2 58 1 0 561595 1.853263500 1025 1436 72
2 59 1 0 694234 2.290972200 1264 1367 86
2 60 1 0 750780 2.477574000 1128 1430 96
2 61 1 0 508856 1.679224800 662 1567 81
2 62 1 0 295018 0.973559400 254 333 76
2 63 1 0 781785 2.579890500 846 3526 82
2 64 1 0 677153 2.234604900 758 1183 81
2 65 1 0 561133 1.851738900 927 1463 103
2 66 1 0 665172 2.195067600 612 2426 85
2 67 1 0 360131 1.188432300 389 491 78
2 68 1 0 496540 1.638582000 362 1652 85
2 69 1 0 441878 1.458197400 529 648 71
2 70 1 0 328975 1.085617500 333 638 70
2 71 1 0 465749 1.536971700 731 1237 84
2 72 1 0 555595 1.833463500 736 1962 82
2 73 1 0 482165 1.591144500 704 1021 78
2 74 1 0 356309 1.175819700 317 546 72
2 75 1 0 465127 1.534919100 662 1860 78
2 76 1 0 397548 1.311908400 457 685 84
2 77 1 0 496186 1.637413800 713 1082 70
2 78 1 0 656548 2.166608400 604 1359 88
2 79 1 0 661718 2.183669400 1023 1673 83
2 80 1 0 493290 1.627857000 782 2052 86
2 81 1 0 705847 2.329295100 1160 2393 86
2 82 1 0 579957 1.913858100 814 1867 74
2 83 1 0 605542 1.998288600 793 1461 85
2 84 1 0 391494 1.291930200 410 995 75
2 85 1 0 365569 1.206377700 569 730 73
2 86 1 0 626469 2.067347700 914 1676 94
2 87 1 0 681348 2.248448400 1231 1454 79
2 88 1 0 346714 1.144156200 380 456 77
2 89 1 0 596379 1.968050700 710 1176 84
2 90 1 0 495622 1.635552600 713 865 81
2 91 1 0 538597 1.777370100 435 1127 76
3 42 1 0 418224 1.380139200 571 538 70
3 43 1 0 501577 1.655204100 945 1264 78
3 44 1 0 559779 1.847270700 927 725 82
3 45 1 0 512090 1.689897000 1221 638 83
3 46 1 0 666121 2.198199300 873 1225 72
3 47 1 0 594924 1.963249200 1554 1602 70
3 48 1 0 397827 1.312829100 480 235 67
3 49 1 0 443689 1.464173700 546 973 69
3 50 1 0 684221 2.257929300 1429 1409 99
3 51 1 0 556836 1.837558800 1656 630 90
3 52 1 0 277096 0.914416800 480 244 66
3 53 1 0 662982 2.187840600 1698 1116 86
3 54 1 0 419900 1.385670000 485 989 74
3 55 1 0 583216 1.924612800 1074 1237 92
3 56 1 0 307248 1.013918400 169 370 66
3 57 1 0 535101 1.765833300 713 403 89
3 58 1 0 509942 1.682808600 919 900 72
3 59 1 0 294397 0.971510100 401 250 62
3 60 1 0 556993 1.838076900 1419 1119 77
3 61 1 0 421418 1.390679400 744 253 84
3 62 1 0 652060 2.151798000 1282 1271 80
3 63 1 0 447181 1.475697300 537 866 80
3 64 1 0 481092 1.587603600 1041 532 75
3 65 1 0 408398 1.347713400 431 577 74
3 66 1 0 411373 1.357530900 399 358 79
3 67 1 0 671831 2.217042300 905 969 91
3 68 1 0 479686 1.582963800 889 771 72
3 69 1 0 436459 1.440314700 930 327 79
3 70 1 0 740086 2.442283800 1606 2549 88
3 71 1 0 477919 1.577132700 384 888 74
3 72 1 0 408697 1.348700100 358 360 76
3 73 1 0 703083 2.320173900 1266 1291 93
3 74 1 0 586306 1.934809800 1067 1578 78
3 75 1 0 510863 1.685847900 554 855 81
3 76 1 0 546858 1.804631400 661 823 75
3 77 1 0 371412 1.225659600 249 376 65
3 78 1 0 1267371 4.182324300 8021 70 93
3 79 1 0 573950 1.894035000 907 288 78
3 80 1 0 612027 2.019689100 1162 867 76
3 81 1 0 681324 2.248369200 1317 2232 76
3 82 1 0 467833 1.543848900 1062 577 71
3 83 1 0 374254 1.235038200 671 554 68
3 84 1 0 493354 1.628068200 424 1673 81
3 85 1 0 435758 1.438001400 596 581 83
3 86 1 0 526456 1.737304800 899 2431 104
3 87 1 0 532036 1.755718800 668 363 78
3 88 1 0 393631 1.298982300 863 494 78
3 89 1 0 450167 1.485551100 539 702 79
3 90 1 0 612454 2.021098200 1115 871 93
3 91 1 0 478741 1.579845300 437 686 73
4 42 1 0 480429 1.585415700 542 1046 77
4 43 1 0 708724 2.338789200 1320 1115 76
4 44 1 0 548223 1.809135900 962 1017 84
4 45 1 0 943497 3.113540100 1209 2957 80
4 46 1 0 472196 1.558246800 412 752 72
4 47 1 0 302876 0.999490800 372 452 75
4 48 1 0 706204 2.330473200 1854 1393 81
4 49 1 0 560998 1.851293400 888 1863 85
4 50 1 0 512914 1.692616200 1452 533 64
4 51 1 0 656027 2.164889100 1148 1419 89
4 52 1 0 466170 1.538361000 655 529 83
4 53 1 0 703127 2.320319100 1294 1693 107
4 54 1 0 579134 1.911142200 864 1344 85
4 55 1 0 569086 1.877983800 1907 1734 79
4 56 1 0 563860 1.860738000 736 950 82
4 57 1 0 737992 2.435373600 2379 1101 98
4 58 1 0 396489 1.308413700 307 865 76
4 59 1 0 547212 1.805799600 525 917 83
4 60 1 0 339322 1.119762600 475 568 66
4 61 1 0 481686 1.589563800 1473 1589 91
4 62 1 0 527397 1.740410100 1243 1133 69
4 63 1 0 745538 2.460275400 2234 2716 103
4 64 1 0 987498 3.258743400 1744 3421 105
4 65 1 0 557956 1.841254800 1653 894 99
4 66 1 0 249586 0.823633800 257 365 77
4 67 1 0 728559 2.404244700 1208 1849 97
4 68 1 0 600716 1.982362800 853 1340 85
4 69 1 0 477063 1.574307900 550 1146 78
4 70 1 0 464163 1.531737900 358 1205 76
4 71 1 0 484320 1.598256000 418 1138 76
4 72 1 0 675741 2.229945300 941 2952 92
4 73 1 0 510185 1.683610500 2123 1933 107
4 74 1 0 499656 1.648864800 373 1512 79
4 75 1 0 492870 1.626471000 1363 615 92
4 76 1 0 668505 2.206066500 1554 1845 87
4 77 1 0 459310 1.515723000 1327 601 69
4 78 1 0 457566 1.509967800 577 1026 74
4 79 1 0 671771 2.216844300 1075 1969 97
4 80 1 0 659423 2.176095900 1679 850 85
4 81 1 0 566340 1.868922000 1388 1539 103
4 82 1 0 318763 1.051917900 253 650 80
4 83 1 0 464376 1.532440800 542 1565 89
4 84 1 0 540949 1.785131700 1257 2141 88
4 85 1 0 682938 2.253695400 727 2589 84
4 86 1 0 627426 2.070505800 934 1870 87
4 87 1 0 481146 1.587781800 604 638 84
4 88 1 0 675290 2.228457000 1914 2079 98
4 89 1 0 457539 1.509878700 1049 699 83
4 90 1 0 335229 1.106255700 714 429 70
4 91 1 0 572657 1.889768100 2192 696 100
5 42 1 0 604249 1.994021700 786 1126 75
5 43 1 0 411208 1.356986400 410 460 76
5 44 1 0 268831 0.887142300 137 352 75
5 45 1 0 510289 1.683953700 514 672 73
5 46 1 0 360190 1.188627000 404 414 72
5 47 1 0 348687 1.150667100 199 618 68
5 48 1 0 404533 1.334958900 295 583 72
5 49 1 0 496444 1.638265200 281 821 71
5 50 1 0 474745 1.566658500 313 1924 71
5 51 1 0 662957 2.187758100 977 755 73
5 52 1 0 438085 1.445680500 443 1010 66
5 53 1 0 422254 1.393438200 316 844 73
5 54 1 0 330352 1.090161600 218 547 66
5 55 1 0 473251 1.561728300 549 705 84
5 56 1 0 719166 2.373247800 415 2190 75
5 57 1 0 604817 1.995896100 862 1044 88
5 58 1 0 400178 1.320587400 279 537 65
5 59 1 0 535858 1.768331400 428 1523 78
5 60 1 0 317028 1.046192400 279 947 69
5 61 1 0 464826 1.533925800 263 913 73
5 62 1 0 517643 1.708221900 686 624 85
5 63 1 0 322566 1.064467800 167 922 68
5 64 1 0 344787 1.137797100 260 251 66
5 65 1 0 569380 1.878954000 366 1523 74
5 66 1 0 393309 1.297919700 320 281 68
5 67 1 0 527063 1.739307900 433 742 67
5 68 1 0 461688 1.523570400 449 559 83
5 69 1 0 430007 1.419023100 388 205 67
5 70 1 0 314535 1.037965500 188 656 67
5 71 1 0 469772 1.550247600 400 609 72
5 72 1 0 463361 1.529091300 489 484 72
5 73 1 0 447949 1.478231700 446 904 83
5 74 1 0 344118 1.135589400 179 443 71
5 75 1 0 589424 1.945099200 830 1543 83
5 76 1 0 306213 1.010502900 323 475 62
5 77 1 0 362419 1.195982700 333 650 63
5 78 1 0 334615 1.104229500 251 221 79
5 79 1 0 386977 1.277024100 294 239 70
5 80 1 0 635543 2.097291900 984 2883 91
5 81 1 0 1045812 3.451179600 1288 2616 103
5 82 1 0 747913 2.468112900 658 3745 105
5 83 1 0 369030 1.217799000 280 303 73
5 84 1 0 539875 1.781587500 773 866 71
5 85 1 0 872963 2.880777900 1371 813 92
5 86 1 0 226990 0.749067000 165 138 62
5 87 1 0 380249 1.254821700 250 767 78
5 88 1 0 485120 1.600896000 425 1020 82
5 89 1 0 488837 1.613162100 501 537 80
5 90 1 0 622140 2.053062000 551 547 67
5 91 1 0 449891 1.484640300 514 406 73
6 42 1 0 558461 1.842921300 637 2023 71
6 43 1 0 642028 2.118692400 1346 1500 84
6 44 1 0 549534 1.813462200 915 1101 73
6 45 1 0 727190 2.399727000 1795 1941 92
6 46 1 0 684243 2.258001900 961 2663 80
6 47 1 0 707369 2.334317700 1409 3245 91
6 48 1 0 399807 1.319363100 685 765 87
6 49 1 0 494096 1.630516800 890 1313 98
6 50 1 0 382970 1.263801000 620 873 88
6 51 1 0 568019 1.874462700 815 1848 96
6 52 1 0 706917 2.332826100 2206 2410 87
6 53 1 0 745729 2.460905700 1165 4246 95
6 54 1 0 459718 1.517069400 368 1629 93
6 55 1 0 678843 2.240181900 814 3294 101
6 56 1 0 554122 1.828602600 922 1447 80
6 57 1 0 528643 1.744521900 971 1030 91
6 58 1 0 601203 1.983969900 1514 1619 67
6 59 1 0 651998 2.151593400 1157 1676 82
6 60 1 0 421630 1.391379000 519 1092 60
6 61 1 0 350549 1.156811700 344 790 75
6 62 1 0 414902 1.369176600 304 1069 68
6 63 1 0 608447 2.007875100 468 1974 76
6 64 1 0 518867 1.712261100 582 892 92
6 65 1 0 303683 1.002153900 301 510 69
6 66 1 0 712250 2.350425000 1472 2994 87
6 67 1 0 426571 1.407684300 462 1290 89
6 68 1 0 756503 2.496459900 1348 2425 113
6 69 1 0 631869 2.085167700 1320 2490 96
6 70 1 0 714278 2.357117400 787 1629 94
6 71 1 0 556291 1.835760300 817 886 72
6 72 1 0 529145 1.746178500 1193 1048 67
6 73 1 0 676852 2.233611600 1678 1355 89
6 74 1 0 703373 2.321130900 1797 2613 112
6 75 1 0 533812 1.761579600 838 1708 75
6 76 1 0 450298 1.485983400 700 1054 90
6 77 1 0 610430 2.014419000 924 2252 99
6 78 1 0 465510 1.536183000 551 1025 68
6 79 1 0 661874 2.184184200 1143 1634 91
6 80 1 0 497688 1.642370400 565 1457 89
6 81 1 0 434418 1.433579400 443 703 77
6 82 1 0 499668 1.648904400 1234 575 83
6 83 1 0 341758 1.127801400 614 307 66
6 84 1 0 602641 1.988715300 1315 2440 96
6 85 1 0 690971 2.280204300 1582 2266 114
6 86 1 0 319175 1.053277500 196 941 61
6 87 1 0 614452 2.027691600 746 1514 72
6 88 1 0 380559 1.255844700 294 710 53
6 89 1 0 565904 1.867483200 1124 1659 85
6 90 1 0 644822 2.127912600 850 3115 75
6 91 1 0 536486 1.770403800 828 1085 71
7 42 1 0 668897 2.207360100 1291 1770 76
7 43 1 0 724216 2.389912800 968 3164 89
7 44 1 0 556892 1.837743600 642 1012 87
7 45 1 0 414098 1.366523400 398 333 72
7 46 1 0 1082696 3.572896800 1314 2632 85
7 47 1 0 739270 2.439591000 1344 1624 81
7 48 1 0 658909 2.174399700 1907 1935 79
7 49 1 0 559261 1.845561300 1131 735 80
7 50 1 0 590403 1.948329900 1106 1630 90
7 51 1 0 471260 1.555158000 649 972 68
7 52 1 0 420738 1.388435400 597 601 77
7 53 1 0 622204 2.053273200 1175 635 75
7 54 1 0 620718 2.048369400 979 780 77
7 55 1 0 559839 1.847468700 711 1126 94
7 56 1 0 746185 2.462410500 1263 2001 89
7 57 1 0 534919 1.765232700 931 925 85
7 58 1 0 816222 2.693532600 793 2674 83
7 59 1 0 496848 1.639598400 731 1030 94
7 60 1 0 657789 2.170703700 1138 968 73
7 61 1 0 530168 1.749554400 733 871 82
7 62 1 0 608682 2.008650600 793 224 79
7 63 1 0 529489 1.747313700 378 426 80
7 64 1 0 677677 2.236334100 993 1850 63
7 65 1 0 612987 2.022857100 1205 1278 93
7 66 1 0 801118 2.643689400 1942 1924 83
7 67 1 0 909322 3.000762600 1961 2697 116
7 68 1 0 782907 2.583593100 1652 3330 88
7 69 1 0 449776 1.484260800 418 1112 69
7 70 1 0 603808 1.992566400 1259 1579 73
7 71 1 0 463125 1.528312500 338 1084 64
7 72 1 0 683397 2.255210100 1326 1904 78
7 73 1 0 595068 1.963724400 1679 2048 81
7 74 1 0 599758 1.979201400 819 2025 75
7 75 1 0 590470 1.948551000 734 1296 84
7 76 1 0 440026 1.452085800 1085 1219 78
7 77 1 0 587133 1.937538900 1415 1291 88
7 78 1 0 680176 2.244580800 1285 1834 91
7 79 1 0 495500 1.635150000 388 1146 77
7 80 1 0 637095 2.102413500 1861 1000 95
7 81 1 0 585824 1.933219200 476 1300 65
7 82 1 0 439526 1.450435800 592 1439 81
7 83 1 0 649653 2.143854900 1005 1975 84
7 84 1 0 438886 1.448323800 451 1367 89
7 85 1 0 744399 2.456516700 1417 2651 105
7 86 1 0 606815 2.002489500 418 2564 96
7 87 1 0 543550 1.793715000 941 761 67
7 88 1 0 408916 1.349422800 382 737 67
7 89 1 0 734075 2.422447500 2177 1627 96
7 90 1 0 822919 2.715632700 2784 1476 87
7 91 1 0 565469 1.866047700 547 1053 64
8 42 1 0 688546 2.272201800 1293 1669 91
8 43 1 0 676947 2.233925100 1173 1445 81
8 44 1 0 482461 1.592121300 755 864 75
8 45 1 0 609275 2.010607500 983 1333 83
8 46 1 0 564952 1.864341600 647 1260 88
8 47 1 0 542008 1.788626400 919 1077 86
8 48 1 0 664500 2.192850000 1319 1455 96
8 49 1 0 766708 2.530136400 1116 1434 81
8 50 1 0 765286 2.525443800 1394 2511 86
8 51 1 0 489326 1.614775800 783 956 81
8 52 1 0 1119125 3.693112500 2620 1626 109
8 53 1 0 698995 2.306683500 660 2557 104
8 54 1 0 446072 1.472037600 453 1037 71
8 55 1 0 753783 2.487483900 1384 1615 89
8 56 1 0 933013 3.078942900 2847 2329 88
8 57 1 0 719636 2.374798800 1717 2071 98
8 58 1 0 639667 2.110901100 1125 1398 76
8 59 1 0 699108 2.307056400 1362 1209 98
8 60 1 0 732856 2.418424800 1483 2782 84
8 61 1 0 516543 1.704591900 769 1009 70
8 62 1 0 562973 1.857810900 1170 1019 71
8 63 1 0 679929 2.243765700 1098 960 77
8 64 1 0 571697 1.886600100 467 1484 77
8 65 1 0 492302 1.624596600 305 1290 73
8 66 1 0 697013 2.300142900 1316 1287 88
8 67 1 0 909921 3.002739300 1839 2417 87
8 68 1 0 841920 2.778336000 2414 349 97
8 69 1 0 459944 1.517815200 543 660 67
8 70 1 0 475235 1.568275500 1062 716 72
8 71 1 0 733204 2.419573200 1362 2731 86
8 72 1 0 699797 2.309330100 1737 1701 89
8 73 1 0 401965 1.326484500 671 606 58
8 74 1 0 813329 2.683985700 1805 1475 94
8 75 1 0 543308 1.792916400 793 1687 74
8 76 1 0 612145 2.020078500 1245 1163 83
8 77 1 0 622029 2.052695700 1098 1445 92
8 78 1 0 591771 1.952844300 811 1475 82
8 79 1 0 661138 2.181755400 1245 1058 95
8 80 1 0 798697 2.635700100 1564 1764 88
8 81 1 0 814223 2.686935900 2029 1378 91
8 82 1 0 668771 2.206944300 1491 1335 93
8 83 1 0 706540 2.331582000 1047 1175 96
8 84 1 0 703878 2.322797400 1384 1360 90
8 85 1 0 512708 1.691936400 795 448 78
8 86 1 0 639001 2.108703300 632 1386 87
8 87 1 0 786208 2.594486400 1340 2474 86
8 88 1 0 719192 2.373333600 1785 1288 88
8 89 1 0 580230 1.914759000 1079 973 83
8 90 1 0 697309 2.301119700 1823 1510 111
8 91 1 0 842232 2.779365600 2297 2115 96
9 42 1 0 710235 2.343775500 1728 2185 89
9 43 1 0 624287 2.060147100 1030 2036 88
9 44 1 0 409181 1.350297300 882 713 94
9 45 1 0 322196 1.063246800 527 545 74
9 46 1 0 515113 1.699872900 806 1706 76
9 47 1 0 604603 1.995189900 1085 1468 94
9 48 1 0 371210 1.224993000 461 625 71
9 49 1 0 681970 2.250501000 1270 3077 111
9 50 1 0 527205 1.739776500 1007 1333 79
9 51 1 0 378444 1.248865200 633 828 72
9 52 1 0 645493 2.130126900 1406 1939 99
9 53 1 0 717177 2.366684100 1746 1915 106
9 54 1 0 574846 1.896991800 952 1886 78
9 55 1 0 470143 1.551471900 457 1259 63
9 56 1 0 612911 2.022606300 1551 2343 83
9 57 1 0 438353 1.446564900 860 707 76
9 58 1 0 700589 2.311943700 1550 2404 102
9 59 1 0 509934 1.682782200 1353 1195 99
9 60 1 0 598308 1.974416400 770 1889 93
9 61 1 0 665799 2.197136700 496 1953 76
9 62 1 0 344050 1.135365000 413 849 73
9 63 1 0 418414 1.380766200 456 1165 66
9 64 1 0 529858 1.748531400 1050 1132 75
9 65 1 0 537384 1.773367200 1839 1581 96
9 66 1 0 481218 1.588019400 796 1362 81
9 67 1 0 548197 1.809050100 1019 1559 77
9 68 1 0 628167 2.072951100 1891 2252 96
9 69 1 0 627554 2.070928200 1319 1460 102
9 70 1 0 564032 1.861305600 795 1951 90
9 71 1 0 548350 1.809555000 867 1718 104
9 72 1 0 514182 1.696800600 1283 2197 71
9 73 1 0 766098 2.528123400 721 2542 105
9 74 1 0 694555 2.292031500 1558 2234 103
9 75 1 0 520512 1.717689600 874 1623 69
9 76 1 0 579383 1.911963900 1114 1808 86
9 77 1 0 518577 1.711304100 1184 1224 97
9 78 1 0 723525 2.387632500 1561 1629 95
9 79 1 0 445881 1.471407300 1085 1337 77
9 80 1 0 598525 1.975132500 588 2730 101
9 81 1 0 554271 1.829094300 1348 1177 110
9 82 1 0 450470 1.486551000 825 796 72
9 83 1 0 500112 1.650369600 1291 717 88
9 84 1 0 506402 1.671126600 1845 1167 111
9 85 1 0 485076 1.600750800 488 1122 79
9 86 1 0 485982 1.603740600 598 1020 70
9 87 1 0 725442 2.393958600 1321 2955 103
9 88 1 0 684936 2.260288800 1506 2529 90
9 89 1 0 624549 2.061011700 1333 2112 93
9 90 1 0 565431 1.865922300 1281 1759 95
9 91 1 0 762587 2.516537100 1484 2659 99
