255 255 255
255 254 254
254 254 253
253 253 252
252 253 251
251 252 251
251 251 251
250 250 251
250 249 251
250 249 250
250 248 249
249 248 249
248 248 249
248 248 248
251 249 251
250 248 248
249 249 252
249 249 253
248 249 252
247 249 252
246 248 252
245 248 252
244 248 252
244 247 252
243 247 252
242 247 251
241 247 251
240 247 251
239 247 251
238 247 251
237 247 251
236 247 251
235 247 251
234 247 251
233 247 251
232 247 250
231 247 250
231 247 249
230 247 248
229 247 247
228 247 247
228 247 246
227 247 246
227 246 246
227 245 245
227 244 244
228 248 246
228 244 244
248 250 251
243 249 252
251 252 250
234 248 251
229 244 244
229 243 244
229 242 244
229 241 244
229 240 244
229 239 244
229 238 244
229 237 244
229 236 243
229 235 242
229 235 241
229 235 240
228 235 239
227 234 238
226 234 237
225 234 236
224 233 236
224 232 235
223 231 235
223 231 234
223 231 233
228 233 238
228 232 238
224 231 233
228 231 238
226 235 235
226 236 234
227 236 233
229 231 238
230 231 238
228 236 233
229 235 244
234 249 251
231 231 238
225 236 234
228 248 245
224 236 233
223 236 233
222 236 233
221 236 233
220 236 233
219 236 232
218 235 232
217 235 231
216 235 231
215 235 230
215 235 229
215 235 228
215 235 227
215 235 226
215 235 225
215 235 224
214 234 223
213 234 222
213 233 221
212 233 221
213 232 220
211 233 221
213 231 220
212 230 219
211 230 219
211 229 219
210 229 218
210 228 218
209 228 217
209 227 216
209 226 216
209 225 216
209 224 216
208 224 216
207 224 216
206 224 216
205 224 216
204 224 216
203 224 216
202 224 216
201 224 216
200 224 216
199 224 216
198 224 216
197 224 216
196 224 216
195 224 216
195 223 216
194 222 216
194 221 215
193 221 214
193 220 214
193 220 213
193 219 213
192 218 213
192 218 212
192 217 213
191 216 212
190 216 212
191 215 212
191 214 212
190 213 212
189 212 212
189 211 212
189 211 211
189 211 210
189 211 209
189 216 212
188 211 208
187 211 207
187 211 206
186 211 206
185 211 206
185 211 205
184 211 204
183 211 203
183 211 202
183 210 201
183 209 201
182 208 200
182 207 200
182 208 199
181 206 200
182 208 198
181 205 200
183 208 197
181 204 200
181 208 197
181 203 200
210 234 221
181 202 199
181 201 199
181 200 199
181 199 199
181 198 199
181 197 199
181 196 199
181 195 199
181 194 199
181 193 199
181 192 199
180 191 199
179 190 199
179 189 198
179 188 197
178 188 196
179 187 197
178 187 196
178 186 195
177 186 194
177 185 193
176 186 195
177 185 192
176 184 191
177 184 190
177 183 189
177 183 188
175 186 195
174 186 195
173 186 195
177 182 188
172 186 195
172 185 195
171 186 194
171 184 196
170 186 194
223 233 237
169 186 194
178 182 188
179 182 188
168 186 193
167 185 192
166 184 192
166 184 191
165 184 191
182 192 199
164 184 190
163 184 190
162 184 190
161 184 190
160 184 191
189 211 213
159 184 190
158 184 190
157 184 190
156 184 191
155 184 191
155 184 190
180 186 198
188 216 212
180 185 199
182 212 202
215 235 232
181 212 202
180 184 199
180 212 202
180 183 199
210 224 216
181 183 199
181 183 200
155 184 192
182 183 200
181 183 201
181 183 202
181 182 202
181 181 202
181 180 202
182 179 202
187 217 212
179 212 203
178 212 203
180 182 188
177 212 203
155 185 192
209 235 221
176 212 203
175 212 203
174 212 202
174 212 201
173 212 202
181 182 188
172 212 203
184 209 197
171 212 204
182 179 203
170 212 204
169 212 205
182 179 204
169 213 203
155 184 193
182 179 205
216 235 224
168 213 203
167 213 202
182 182 188
183 183 200
155 184 194
182 179 206
174 213 200
168 213 206
166 213 202
168 213 207
165 213 202
182 179 207
181 179 208
164 213 202
155 184 195
181 183 188
183 179 207
190 211 214
163 213 203
163 214 203
163 215 202
163 215 201
162 215 202
230 238 244
193 221 212
190 211 215
162 214 204
182 179 201
223 232 238
217 235 224
218 235 223
162 216 200
162 214 205
168 214 208
183 182 188
183 192 200
155 186 192
162 216 199
162 217 198
184 182 188
162 213 206
219 235 222
162 217 197
184 179 207
161 213 206
160 213 206
159 213 206
158 213 206
162 217 196
157 213 206
162 217 195
156 213 206
185 179 207
155 184 196
162 217 194
155 213 206
186 179 207
155 214 206
162 217 193
219 236 221
181 179 209
208 236 221
162 217 192
185 182 188
181 179 210
219 236 220
232 231 238
230 241 244
194 219 213
186 182 188
208 237 220
155 213 207
187 179 207
194 225 216
155 215 207
188 179 207
189 211 216
189 179 207
155 212 207
167 214 202
190 179 207
181 179 211
219 236 219
191 178 207
191 177 207
184 183 200
192 176 207
192 175 207
185 183 200
192 174 207
193 174 207
194 174 207
192 173 207
195 173 207
195 172 207
195 171 207
195 170 207
195 169 207
195 168 207
196 167 208
196 173 207
197 166 207
197 165 208
197 165 206
197 164 208
197 164 209
197 173 207
197 164 205
198 164 210
198 164 211
189 211 217
198 164 212
229 234 245
189 211 218
198 163 212
194 168 207
198 162 212
198 161 212
198 160 212
197 159 212
197 158 211
197 157 211
219 236 218
198 164 213
196 156 211
195 155 211
195 154 210
195 153 210
197 164 204
195 152 210
177 184 188
174 213 199
199 164 214
198 157 211
196 151 210
196 150 210
196 149 210
195 149 210
195 148 210
196 147 210
198 164 203
196 146 210
195 145 210
195 144 210
195 143 209
195 142 209
199 164 215
195 141 208
195 141 207
195 141 206
233 231 238
195 141 205
195 140 205
194 139 204
194 139 203
194 138 203
194 137 202
193 136 202
192 136 203
191 136 203
194 137 201
193 135 202
219 236 217
193 134 201
192 133 201
192 132 200
191 131 200
190 131 199
190 131 198
190 130 198
189 130 197
188 130 196
188 130 195
187 130 194
189 129 195
196 164 203
189 128 195
187 130 193
186 130 194
185 130 194
184 130 194
192 179 208
187 129 192
190 127 195
187 129 191
199 164 216
190 126 195
187 129 190
189 125 195
183 130 194
187 129 189
182 130 194
181 130 193
190 124 195
190 123 195
190 122 195
190 121 195
196 164 202
180 130 192
190 121 196
190 120 194
179 130 191
190 119 194
178 130 190
190 118 194
177 130 189
177 130 188
190 117 194
177 130 187
177 129 186
176 129 186
175 129 186
190 121 197
194 226 217
177 128 185
189 116 194
174 129 185
173 130 185
173 128 185
181 130 195
195 137 200
173 128 184
172 128 183
177 128 184
189 115 193
172 128 182
189 114 193
172 127 181
172 126 180
172 126 179
172 125 178
172 125 177
172 125 176
172 128 185
171 125 175
170 125 174
169 125 173
169 125 172
168 125 172
169 124 171
169 124 170
190 180 207
167 125 172
166 124 172
165 124 172
191 121 198
164 123 172
163 123 171
162 122 171
162 121 170
161 122 171
160 122 171
162 120 170
189 113 193
190 113 193
159 122 170
155 184 197
190 112 193
158 122 170
157 122 170
190 111 193
156 122 170
199 163 217
190 110 194
155 121 170
154 121 169
153 121 169
152 120 168
151 120 168
190 109 193
152 119 167
190 108 193
151 119 166
190 107 194
150 119 168
191 106 194
150 118 168
177 185 187
191 105 193
151 120 165
194 226 218
191 104 193
151 120 164
195 156 210
150 117 168
150 120 163
191 103 193
149 120 163
200 163 218
192 103 192
150 117 169
149 120 162
148 120 161
188 129 189
177 185 186
147 120 161
201 164 218
193 102 192
177 186 185
193 101 192
193 100 191
191 103 194
193 100 190
193 99 189
177 186 184
146 120 161
187 182 188
145 121 161
194 99 188
194 98 188
163 217 192
188 182 188
144 121 161
155 212 208
155 216 207
180 130 196
194 97 188
177 186 183
193 96 188
150 117 170
177 186 182
201 164 219
199 157 211
189 182 188
195 97 188
177 186 181
201 164 220
193 95 189
177 186 180
201 165 221
192 94 189
192 93 188
177 186 179
193 92 188
192 91 187
196 97 188
195 141 210
192 91 186
190 182 188
192 90 187
195 140 211
192 89 186
155 217 208
196 137 199
193 88 186
179 130 197
189 211 219
177 186 178
193 87 185
196 140 211
177 186 177
190 211 220
178 186 176
178 186 175
191 103 195
194 87 184
178 186 174
199 164 203
194 87 183
194 87 182
191 90 188
179 186 173
171 124 175
194 87 181
152 122 170
154 184 198
194 87 180
179 186 172
194 86 180
194 87 179
194 88 187
194 86 178
200 164 202
153 184 198
152 184 198
190 89 188
194 85 177
194 85 176
194 85 175
195 88 188
195 84 175
189 88 189
195 84 174
195 84 173
196 83 172
167 126 171
196 83 171
196 138 198
196 83 170
197 138 197
189 88 190
201 164 201
202 165 221
188 87 190
190 211 221
196 87 188
197 86 188
191 121 199
219 236 216
144 120 161
178 130 197
187 87 190
202 164 201
177 131 186
177 130 198
198 138 197
186 87 191
176 130 198
197 83 170
198 174 207
185 87 191
198 83 170
198 85 189
199 174 207
197 139 211
184 87 191
203 164 201
175 130 199
196 82 170
199 85 190
167 127 171
204 164 200
155 212 209
182 200 199
197 139 212
234 231 238
199 85 191
193 227 216
152 183 199
175 130 200
198 139 213
199 85 192
183 87 191
205 165 200
199 138 197
199 85 193
203 165 221
182 87 191
181 87 192
201 164 200
200 85 194
144 122 161
181 87 193
201 85 195
196 81 170
180 87 194
199 83 170
179 87 194
198 138 214
178 86 194
202 85 195
195 80 170
198 138 215
200 83 170
178 85 194
177 85 194
178 84 194
191 211 221
176 85 194
194 80 170
193 228 215
194 79 170
203 84 195
178 83 195
204 84 195
201 84 170
206 165 200
205 85 196
205 85 197
178 82 195
205 85 198
177 81 195
177 81 196
194 78 170
167 128 170
190 120 193
193 77 170
176 80 195
235 231 237
199 137 216
176 79 195
219 236 215
176 78 195
206 85 198
194 76 170
152 182 199
207 84 198
200 137 217
195 75 170
192 77 170
201 137 218
190 181 207
206 165 199
202 137 218
248 251 251
193 229 214
176 78 196
195 74 170
196 74 170
202 85 170
191 77 170
152 181 199
207 165 199
176 81 197
195 73 170
151 122 170
208 165 199
207 83 198
196 72 170
209 165 198
203 86 170
196 71 169
208 238 219
208 83 198
196 70 168
196 70 167
210 165 198
207 236 221
196 70 166
204 86 170
196 70 165
209 82 198
196 69 165
177 132 186
151 117 170
195 69 165
194 68 165
205 87 170
192 230 214
194 67 165
209 81 198
203 137 219
144 123 161
194 66 165
148 121 161
176 81 198
194 65 165
194 64 165
194 63 165
194 63 164
206 87 170
194 63 163
194 63 162
209 80 198
195 62 165
194 63 161
195 63 161
210 82 198
195 63 160
195 62 159
195 62 158
196 61 159
155 212 210
155 212 211
194 61 165
207 87 170
210 79 198
152 180 200
194 62 158
196 60 158
193 60 165
172 187 195
193 59 165
192 59 165
197 60 158
190 103 196
191 59 165
152 180 201
152 179 201
195 59 158
200 162 218
193 229 213
193 62 158
191 211 214
208 87 170
209 86 170
190 59 165
209 86 169
198 59 158
191 211 222
204 137 219
199 59 158
189 59 165
193 222 217
195 164 201
188 59 165
200 59 157
209 86 168
201 59 157
187 59 165
202 59 156
202 59 155
202 59 154
227 249 245
151 178 201
210 78 198
203 59 153
203 59 152
203 59 151
186 58 165
204 58 151
203 59 150
203 59 149
185 57 165
205 136 219
209 86 167
184 56 164
150 178 201
203 59 148
203 60 147
150 178 202
205 57 151
203 60 146
203 61 145
149 178 201
203 61 144
148 178 201
183 56 163
203 62 143
203 62 142
182 56 163
203 62 141
172 188 195
193 230 212
203 61 140
191 211 223
203 61 139
181 56 163
196 68 165
180 56 162
180 55 162
179 54 162
178 54 162
147 178 201
206 57 151
177 54 161
146 178 201
202 61 138
145 178 201
202 60 137
176 54 160
144 178 200
202 60 136
203 63 141
206 135 219
143 178 200
206 134 219
209 87 166
178 53 163
176 78 197
142 178 200
141 178 200
205 85 195
207 56 151
203 59 136
172 127 185
150 178 203
188 113 192
204 59 136
202 61 136
176 78 198
203 166 221
205 58 136
207 55 152
177 133 186
210 77 198
186 218 212
210 76 198
144 124 161
194 86 175
206 58 136
210 87 165
206 57 136
211 164 198
176 54 159
141 178 199
155 212 212
176 54 158
207 56 136
169 123 171
211 164 197
177 133 185
181 88 192
192 211 224
193 59 166
178 52 163
212 164 198
177 51 163
177 50 164
190 103 197
180 186 172
210 75 198
208 56 136
192 210 224
207 133 219
210 74 198
202 58 136
176 50 164
210 73 198
194 85 180
190 103 198
175 50 164
174 50 164
206 237 221
197 138 215
181 87 190
206 54 152
173 50 164
155 212 213
173 49 165
213 164 197
175 130 201
141 178 201
214 164 196
155 212 214
175 130 202
172 49 165
211 87 165
215 165 196
155 212 215
171 49 165
207 132 220
171 48 166
176 53 157
170 48 166
191 121 200
210 72 198
169 48 166
200 175 206
168 48 165
167 48 164
169 48 167
166 48 164
210 72 199
208 133 219
165 48 165
210 85 170
164 48 164
163 48 165
207 131 221
162 48 166
191 209 225
207 55 136
161 48 166
160 48 165
160 48 164
195 73 171
180 87 190
175 130 203
155 212 216
229 248 244
215 165 195
160 48 167
215 165 194
205 59 151
195 165 201
207 54 136
176 52 156
210 71 199
210 87 164
190 77 171
208 53 136
216 164 194
212 87 164
160 47 164
186 218 213
207 59 136
174 130 204
173 130 205
209 53 136
141 178 202
210 70 199
216 166 194
172 130 205
191 209 226
216 164 193
209 69 199
155 212 217
172 130 206
207 53 152
216 164 192
204 166 221
209 52 136
181 179 212
176 51 155
209 133 220
209 68 199
209 51 136
207 136 219
144 125 161
181 179 213
188 113 191
154 212 218
197 138 196
210 67 199
178 49 165
176 51 154
150 178 204
160 48 168
184 211 207
209 50 136
153 212 218
152 212 218
205 166 222
178 185 174
144 125 162
216 167 194
207 52 152
209 49 136
210 132 220
210 66 199
177 185 174
209 48 136
141 177 198
206 166 222
208 60 136
172 189 194
176 50 153
140 177 197
211 131 220
139 177 197
205 166 223
138 177 197
217 164 194
137 177 197
205 165 224
136 177 197
171 130 206
136 178 196
206 130 221
210 49 136
196 142 205
218 164 194
201 61 136
212 131 220
185 218 213
198 166 207
206 129 221
205 165 225
213 87 164
209 61 136
207 166 222
176 50 152
180 89 192
190 181 206
160 48 169
214 87 164
176 50 151
194 102 193
219 164 194
160 48 170
160 48 171
207 51 152
176 50 150
177 78 198
176 50 149
176 50 148
159 48 172
176 50 147
200 157 211
191 209 227
206 129 222
175 129 201
175 50 146
174 50 145
173 50 144
172 50 143
171 50 142
215 87 163
170 50 142
195 226 219
207 50 153
220 164 193
211 66 198
169 50 142
208 47 136
181 186 172
150 177 205
207 49 153
171 130 207
181 179 214
159 49 172
206 129 223
170 131 207
192 173 208
197 70 166
211 85 170
220 164 192
208 136 218
182 186 172
193 86 174
160 49 164
177 50 148
209 66 199
159 48 173
181 179 215
141 178 203
215 87 162
168 50 142
167 50 142
216 88 161
154 213 218
174 131 205
208 46 136
208 45 136
181 180 216
169 131 207
159 48 174
150 177 206
168 131 208
203 64 141
207 44 136
155 214 218
168 130 209
171 49 142
207 43 135
206 238 221
207 43 134
208 43 134
207 43 133
152 212 219
141 177 203
136 176 197
217 89 161
207 43 132
213 131 220
169 130 210
136 175 197
207 43 131
207 43 130
167 130 210
207 43 129
217 90 160
207 43 128
208 43 128
207 43 127
141 177 204
209 42 128
210 42 127
191 230 215
171 48 142
166 130 211
200 161 218
209 42 134
206 42 127
159 48 175
206 128 223
170 122 171
184 210 197
217 91 159
174 214 199
177 134 184
165 130 212
164 130 212
217 92 158
214 131 221
217 92 157
219 235 215
203 65 141
192 179 209
220 163 192
200 165 221
176 55 157
191 208 228
210 61 136
163 130 212
208 167 222
160 46 164
136 174 196
207 42 136
159 48 176
162 129 212
217 93 159
217 92 156
196 138 216
217 92 155
178 48 165
205 127 223
217 92 154
217 92 153
161 128 212
171 47 142
160 48 177
159 50 172
217 93 152
195 164 200
216 93 152
181 180 217
206 165 225
221 164 192
160 45 164
176 56 156
218 93 151
211 61 136
175 130 197
161 128 213
181 180 218
217 94 159
222 164 192
155 215 218
205 126 223
159 48 178
160 128 213
155 216 219
223 165 192
219 93 151
205 41 127
178 47 165
191 208 229
171 46 142
180 180 219
181 197 200
155 217 220
206 125 223
170 122 170
160 44 164
170 184 197
155 218 220
171 45 143
217 95 159
201 137 219
170 44 143
160 127 213
159 127 213
159 126 214
219 94 151
209 167 223
211 130 219
205 40 127
144 126 161
213 163 197
215 236 232
141 177 205
206 124 223
170 44 142
159 126 215
219 95 151
219 96 151
205 39 127
205 38 127
210 167 223
160 43 164
224 165 193
206 129 224
210 42 134
205 37 127
195 138 216
155 218 221
219 97 151
154 219 221
207 129 225
190 103 199
219 98 151
219 99 151
193 87 173
153 220 221
192 86 174
159 126 216
159 51 172
180 180 220
152 220 221
159 125 217
203 60 151
150 177 207
205 86 195
206 36 127
193 59 167
219 100 151
152 221 221
220 93 151
219 101 151
160 125 218
160 127 212
159 127 211
188 113 190
208 66 199
219 102 151
159 48 179
151 221 221
206 35 127
156 219 221
188 131 196
225 164 193
150 221 221
151 177 201
206 34 128
149 221 221
148 221 221
144 127 161
225 166 193
200 176 207
226 164 192
221 93 151
152 212 220
200 177 207
215 164 192
206 123 224
147 221 221
195 102 193
162 119 171
146 221 221
144 128 161
145 221 221
177 134 183
212 61 136
219 103 151
144 221 221
144 129 160
194 139 202
159 47 180
176 185 173
206 33 129
203 66 141
176 185 172
144 129 159
191 121 201
144 129 158
159 47 181
196 102 193
144 130 161
144 129 157
137 173 196
144 129 156
179 46 165
136 172 196
144 129 155
143 129 155
142 130 155
142 130 154
142 130 153
141 130 152
180 179 220
140 130 152
139 130 151
220 103 151
138 131 151
138 131 150
137 131 151
153 212 221
136 131 150
136 131 149
180 46 165
212 86 171
135 132 148
134 132 147
189 78 171
159 46 182
134 132 146
134 132 145
134 132 144
134 132 143
135 132 142
170 43 142
135 132 141
134 132 140
133 132 140
160 125 219
132 132 140
131 133 140
150 176 207
130 133 139
130 133 138
129 133 137
129 133 136
193 59 168
128 133 135
129 133 134
194 164 200
150 176 208
127 133 134
129 133 133
214 131 219
136 132 141
129 133 132
227 163 192
129 133 131
129 133 130
129 133 129
126 132 134
128 133 128
128 133 127
125 133 134
124 132 134
123 132 135
127 132 126
127 132 125
216 168 193
127 133 124
122 132 135
127 131 125
159 45 183
121 132 136
120 132 136
119 132 137
205 33 129
127 130 124
136 171 196
126 129 124
126 134 124
118 132 137
125 128 123
124 128 122
126 135 123
125 136 123
125 137 123
206 32 128
126 137 122
117 132 137
124 138 123
116 131 137
159 46 184
180 179 221
208 137 218
115 131 137
213 86 171
114 131 137
113 131 137
112 131 137
206 32 127
112 130 137
135 170 196
124 139 122
111 130 138
134 170 196
124 127 122
175 185 172
117 133 137
123 126 122
124 140 122
110 130 139
159 45 185
158 45 185
176 57 156
124 141 122
133 170 196
109 130 139
132 170 196
123 125 122
206 32 126
158 45 186
131 170 196
123 124 122
124 132 133
151 175 208
156 220 221
191 208 230
158 45 187
206 32 125
214 86 171
174 186 172
128 130 124
174 187 171
123 123 122
174 187 170
174 187 169
110 129 139
177 135 183
222 93 151
206 32 124
178 78 199
215 93 152
206 32 123
109 128 139
130 170 196
205 31 123
206 32 122
206 32 121
170 42 142
130 169 196
174 187 168
129 169 196
160 44 185
206 32 120
128 169 197
158 45 188
127 168 197
220 104 151
141 177 206
126 168 197
123 122 122
174 187 167
125 168 197
124 142 122
206 32 119
174 188 167
123 121 122
206 32 118
174 188 166
174 188 165
206 32 117
124 169 196
123 170 196
122 170 195
174 189 164
174 189 163
207 32 116
169 42 142
121 170 195
124 143 123
168 42 142
167 42 142
147 222 221
108 128 138
207 32 115
107 127 138
228 164 192
120 170 195
206 122 225
167 41 142
207 33 114
204 31 123
206 33 113
124 144 122
106 127 137
178 78 200
105 127 137
104 127 137
136 131 141
103 127 137
102 126 137
206 33 112
101 126 137
100 126 138
99 127 137
191 113 192
124 145 123
147 223 221
125 168 198
98 127 137
97 126 137
228 162 192
97 125 137
151 176 200
96 126 137
95 126 137
207 122 225
97 124 137
94 126 137
173 190 164
93 127 137
92 127 137
119 170 195
223 93 151
118 170 196
91 127 138
90 128 138
90 126 137
117 169 197
89 128 138
116 169 197
115 169 197
114 169 197
113 169 197
88 129 138
215 93 151
113 169 198
207 49 154
162 216 192
87 130 138
89 125 137
173 191 163
113 169 199
158 45 189
124 146 122
86 131 138
159 50 164
208 238 218
167 40 142
113 168 199
88 125 137
153 212 222
86 131 137
87 125 138
136 130 152
87 124 139
86 123 139
86 122 138
112 169 199
111 169 199
86 132 138
110 169 199
208 121 225
158 50 164
109 169 200
158 51 164
158 45 190
141 131 152
86 121 137
86 133 138
86 120 137
124 146 124
86 119 137
127 167 198
87 124 140
178 78 201
166 39 142
85 118 137
200 61 136
87 124 141
86 134 138
109 170 200
84 118 137
228 162 193
165 39 141
174 192 163
216 169 194
178 78 202
83 118 138
225 167 193
82 117 137
81 116 137
81 115 136
81 114 135
80 116 137
79 115 138
208 32 115
79 114 138
209 32 115
81 113 134
203 31 123
210 31 115
87 124 142
86 135 138
81 112 133
80 112 132
80 112 131
79 113 139
195 226 220
109 170 201
127 137 122
109 171 200
214 131 222
79 112 140
79 111 140
124 147 122
209 85 167
86 135 137
79 110 140
164 39 140
183 211 197
164 38 140
123 120 122
109 170 202
79 112 131
174 193 163
205 238 222
109 127 139
162 118 172
125 147 122
79 111 131
79 110 141
113 169 196
86 136 137
124 148 122
79 110 131
79 110 142
124 149 121
125 149 120
164 38 139
190 103 200
125 167 197
229 164 192
79 109 131
124 150 121
79 110 143
164 38 138
86 136 136
164 37 137
79 109 143
124 151 121
225 168 193
205 122 225
79 108 143
86 137 135
86 138 134
123 119 122
124 152 120
124 153 119
174 188 162
79 108 131
216 95 160
79 107 131
229 162 193
124 154 119
86 139 134
124 153 118
124 154 117
79 106 131
163 37 136
124 154 116
125 154 115
86 140 134
78 105 131
225 168 192
229 161 191
230 161 190
162 36 136
174 188 161
86 141 133
173 194 163
125 154 114
86 141 132
224 92 151
155 187 191
125 154 113
151 175 209
211 31 115
125 154 112
87 124 143
78 104 131
133 170 197
162 35 136
86 141 131
80 107 144
157 51 164
113 169 195
77 104 131
79 107 145
86 141 130
125 155 111
174 195 163
85 142 130
126 155 111
85 142 129
162 34 136
123 118 122
79 107 146
168 186 195
84 143 129
79 107 147
84 144 128
78 107 148
170 121 171
112 169 194
78 103 131
206 42 137
78 107 149
