0 0 0
1 0 0
2 0 1
2 1 2
2 2 2
2 3 3
2 4 4
3 5 5
3 6 5
3 7 5
4 7 6
4 7 7
4 8 8
5 9 8
6 10 8
7 11 8
8 11 8
9 11 8
10 11 8
11 11 8
12 11 8
13 11 8
14 11 8
15 11 8
16 11 8
17 11 8
18 11 9
18 11 10
18 11 11
18 11 12
19 11 12
20 12 12
21 13 12
22 13 13
23 13 14
24 13 15
23 13 16
23 12 17
22 12 18
22 13 19
22 14 20
22 15 21
22 15 22
22 16 23
22 16 24
22 16 25
22 17 26
22 18 26
22 19 26
22 20 26
22 21 26
22 22 26
22 23 26
22 24 26
22 25 27
22 26 28
22 26 29
22 27 29
22 28 30
22 29 30
23 29 30
23 30 31
24 31 32
24 31 33
24 32 34
25 33 34
26 33 34
27 34 35
27 35 36
27 36 36
28 37 36
28 38 36
28 39 37
28 40 37
28 40 38
28 41 39
28 41 40
29 42 40
30 42 40
31 42 41
32 42 42
33 43 43
33 44 43
33 44 44
34 44 44
35 45 45
36 45 46
37 45 46
38 46 46
39 47 46
39 48 46
39 49 46
40 49 46
41 49 46
42 49 46
43 49 46
44 49 47
45 49 48
46 49 48
47 49 48
47 49 49
47 49 50
48 50 50
49 51 50
49 52 50
49 53 51
49 54 51
49 54 52
49 55 53
49 56 54
49 57 54
48 57 55
48 58 56
48 58 57
48 58 58
48 58 59
48 58 60
48 58 61
48 58 62
48 58 63
49 58 64
50 59 64
51 60 65
52 60 65
53 61 66
54 61 67
55 61 67
55 61 68
55 61 69
55 61 70
55 61 71
55 61 72
55 61 73
55 61 74
55 61 75
55 61 76
55 61 77
56 61 78
56 62 79
56 62 80
56 63 80
56 63 81
57 63 82
58 63 83
58 64 84
59 65 85
59 65 86
59 66 86
59 67 86
60 67 86
60 67 87
60 68 88
60 68 89
60 68 90
60 68 91
61 68 92
62 69 92
63 70 92
64 70 92
65 70 92
66 70 92
67 71 92
67 72 92
67 73 92
68 74 93
68 75 93
69 76 94
70 76 95
70 76 96
71 77 97
72 78 98
72 79 98
72 79 99
73 79 100
74 80 101
74 81 102
75 81 102
76 81 102
77 82 102
77 83 102
78 83 102
79 84 102
80 84 103
81 84 103
81 85 104
81 86 105
81 87 105
81 87 106
81 88 106
81 88 107
81 88 108
81 88 109
81 88 110
81 87 111
81 87 112
80 87 113
80 88 113
81 88 114
81 88 115
80 88 116
80 88 117
81 87 117
82 87 118
82 87 119
82 86 120
82 86 121
83 86 121
84 87 121
84 88 121
84 89 122
85 90 122
85 91 122
85 92 123
85 92 124
84 93 124
84 94 124
84 94 125
84 94 126
84 95 127
84 96 128
84 96 129
84 97 130
84 97 131
83 97 132
82 97 132
81 97 132
81 97 133
81 98 134
81 99 135
80 99 136
81 99 137
80 99 138
79 99 138
79 99 139
80 100 140
79 100 141
79 100 142
78 101 143
79 101 144
80 102 144
81 103 144
80 104 145
80 105 146
81 105 147
81 106 148
80 106 149
79 107 149
78 107 149
78 107 148
79 107 147
79 107 146
79 107 145
80 107 144
79 108 143
79 109 143
79 110 143
79 110 142
79 110 141
79 110 140
79 111 140
79 112 140
79 113 139
79 114 138
79 115 138
80 116 137
81 116 137
82 117 137
83 118 138
84 118 137
85 118 137
86 119 137
86 120 137
86 121 137
86 122 138
86 123 139
87 124 139
87 125 138
88 125 137
89 125 137
90 126 137
91 127 138
92 127 137
93 127 137
94 126 137
95 126 137
96 126 137
97 126 137
98 127 137
99 127 137
100 126 138
101 126 137
102 126 137
103 127 137
104 127 137
105 127 137
106 127 137
107 127 138
108 128 138
109 128 139
110 129 139
110 130 139
111 130 138
112 130 137
112 131 137
113 131 137
114 131 137
115 131 137
116 131 137
117 132 137
118 132 137
119 132 137
120 132 136
121 132 136
122 132 135
123 132 135
124 132 134
125 133 134
126 132 134
127 133 134
128 133 135
129 133 136
129 133 137
130 133 138
130 133 139
131 133 140
132 132 140
133 132 140
134 132 140
135 132 141
135 132 142
134 132 143
134 132 144
134 132 145
134 132 146
134 132 147
135 132 148
136 131 149
136 131 150
137 131 151
138 131 151
139 130 151
140 130 152
141 130 152
142 130 153
142 130 154
142 130 155
143 129 155
144 129 155
144 129 156
144 129 157
144 129 158
144 129 159
144 129 160
144 128 161
144 127 161
144 126 161
144 125 161
144 124 161
144 123 161
144 122 161
144 121 161
145 121 161
146 120 161
147 120 161
148 120 161
149 120 162
149 120 163
150 120 163
151 120 164
151 120 165
151 119 166
152 119 167
152 120 168
153 121 169
154 121 169
155 121 170
156 122 170
157 122 170
158 122 170
159 122 170
160 122 171
161 122 171
162 122 171
163 123 171
164 123 172
165 124 172
166 124 172
167 125 172
168 125 172
169 125 172
169 125 173
170 125 174
171 125 175
172 125 176
172 125 177
172 125 178
172 126 179
172 126 180
172 127 181
172 128 182
172 128 183
173 128 184
173 128 185
174 129 185
175 129 186
176 129 186
177 129 186
177 130 187
177 130 188
177 130 189
178 130 190
179 130 191
180 130 192
181 130 193
182 130 194
183 130 194
184 130 194
185 130 194
186 130 194
187 130 194
188 130 195
188 130 196
189 130 197
190 130 198
190 131 198
190 131 199
191 131 200
192 132 200
192 133 201
193 134 201
193 135 202
193 136 202
194 137 202
194 138 203
194 139 203
194 139 204
195 140 205
195 141 205
195 141 206
195 141 207
195 141 208
195 142 209
195 143 209
195 144 210
195 145 210
196 146 210
196 147 210
195 148 210
195 149 210
196 149 210
196 150 210
196 151 210
195 152 210
195 153 210
195 154 210
195 155 211
196 156 211
197 157 211
197 158 211
197 159 212
198 160 212
198 161 212
198 162 212
198 163 212
198 164 212
198 164 211
198 164 210
197 164 209
197 164 208
197 165 208
197 166 207
196 167 208
195 168 207
195 169 207
195 170 207
195 171 207
195 172 207
195 173 207
194 174 207
193 174 207
192 174 207
192 175 207
192 176 207
191 177 207
191 178 207
190 179 207
189 179 207
188 179 207
187 179 207
186 179 207
185 179 207
184 179 207
183 179 207
182 179 207
182 179 206
182 179 205
182 179 204
182 179 203
182 179 202
181 180 202
181 181 202
181 182 202
181 183 202
181 183 201
181 183 200
181 183 199
180 183 199
180 184 199
180 185 199
180 186 198
179 187 197
179 188 197
179 189 198
179 190 199
180 191 199
181 192 199
181 193 199
181 194 199
181 195 199
181 196 199
181 197 199
181 198 199
181 199 199
181 200 199
181 201 199
181 202 199
181 203 200
181 204 200
181 205 200
181 206 200
182 207 200
182 208 200
183 209 201
183 210 201
183 211 202
183 211 203
184 211 204
185 211 205
185 211 206
186 211 206
187 211 206
187 211 207
188 211 208
189 211 209
189 211 210
189 211 211
189 211 212
189 212 212
190 213 212
191 214 212
191 215 212
191 216 212
192 217 213
192 218 213
193 219 213
193 220 213
193 220 214
193 221 214
194 221 215
194 222 216
195 223 216
195 224 216
196 224 216
197 224 216
198 224 216
199 224 216
200 224 216
201 224 216
202 224 216
203 224 216
204 224 216
205 224 216
206 224 216
207 224 216
208 224 216
209 224 216
209 225 216
209 226 216
209 227 216
209 228 217
210 228 218
210 229 218
211 229 219
211 230 219
212 230 219
213 231 220
213 232 220
213 233 221
213 234 222
214 234 223
215 235 224
215 235 225
215 235 226
215 235 227
215 235 228
215 235 229
215 235 230
216 235 231
217 235 231
218 235 232
219 236 232
220 236 233
221 236 233
222 236 233
223 236 233
224 236 233
225 236 234
226 236 234
226 235 235
225 234 236
226 234 237
227 234 238
228 235 239
229 235 240
229 235 241
229 235 242
229 236 243
229 237 244
229 238 244
229 239 244
229 240 244
229 241 244
229 242 244
229 243 244
229 244 244
228 244 244
227 244 244
227 245 245
227 246 246
227 247 246
228 247 246
228 247 247
229 247 247
230 247 248
231 247 249
231 247 250
232 247 250
233 247 251
234 247 251
235 247 251
236 247 251
237 247 251
238 247 251
239 247 251
240 247 251
241 247 251
242 247 251
243 247 252
244 247 252
244 248 252
245 248 252
246 248 252
247 249 252
248 249 252
249 249 252
250 249 251
250 250 251
251 251 251
251 252 251
252 253 251
253 253 252
254 254 253
255 254 254
255 255 255
