0 0 0
1 0 0
2 0 1
2 1 2
2 2 2
2 3 3
2 4 4
3 5 5
3 6 5
3 7 5
4 7 6
4 7 7
4 8 8
5 9 8
6 10 8
7 11 8
8 11 8
9 11 8
10 11 8
11 11 8
12 11 8
13 11 8
14 11 8
15 11 8
16 11 8
17 11 8
18 11 9
18 11 10
18 11 11
18 11 12
19 11 12
20 12 12
21 13 12
22 13 13
23 13 14
24 13 15
25 13 15
26 13 16
27 13 16
27 13 17
19 10 12
23 13 16
23 12 17
20 9 12
9 11 7
20 8 12
2 1 1
22 12 18
22 13 19
22 14 20
22 15 21
22 15 22
22 16 23
22 16 24
22 16 25
22 17 26
22 18 26
22 19 26
22 20 26
22 21 26
22 22 26
22 23 26
22 24 26
22 25 27
22 26 28
22 26 29
22 27 29
22 28 30
22 29 30
23 29 30
23 30 31
24 31 32
24 31 33
24 32 34
25 33 34
26 33 34
27 34 35
28 34 35
27 35 36
27 36 36
28 37 36
28 38 36
28 39 37
28 40 37
28 40 38
28 41 39
28 41 40
29 42 40
30 42 40
31 42 41
32 42 42
33 43 43
33 44 43
33 44 44
33 45 44
34 44 44
35 45 45
36 45 46
37 45 46
38 46 46
39 47 46
40 47 46
39 48 46
39 49 46
23 30 29
40 49 46
41 47 46
41 49 46
42 49 46
43 49 46
44 49 47
45 49 48
46 49 48
47 49 48
47 49 49
48 49 48
49 48 48
47 49 50
48 50 50
49 51 50
47 49 51
49 52 50
49 53 51
49 54 51
49 54 52
49 55 53
49 56 54
49 57 54
50 58 54
51 58 55
51 58 56
52 58 57
47 48 52
48 57 55
48 47 53
48 46 54
48 46 55
48 45 55
48 45 56
48 58 56
48 45 57
49 45 57
49 45 58
49 45 59
50 45 59
51 45 59
51 45 60
51 45 61
48 58 57
48 58 58
48 58 59
48 58 60
52 58 55
48 58 61
48 58 62
48 58 63
51 45 62
49 58 64
50 59 64
51 60 65
52 60 65
53 61 66
54 61 67
55 61 67
23 31 28
55 61 68
55 61 69
55 61 70
55 61 71
53 58 55
55 61 72
54 58 55
55 61 73
55 58 55
23 32 27
56 58 55
57 58 55
55 61 74
58 58 55
59 58 55
60 59 55
55 61 75
61 59 54
22 33 26
62 59 54
63 59 54
64 59 54
24 31 35
55 61 76
65 59 54
55 61 77
66 60 54
66 61 54
56 61 78
67 62 54
67 63 54
56 62 79
68 63 54
56 62 80
56 63 80
67 64 54
56 63 81
69 63 54
57 63 82
70 63 54
32 44 45
58 63 83
67 65 54
58 64 84
59 65 85
59 65 86
59 66 86
59 67 86
60 67 86
60 67 87
60 68 88
60 68 89
60 68 90
60 68 91
60 69 91
61 68 92
62 69 92
60 70 91
71 62 54
63 70 92
64 70 92
71 64 54
65 70 92
72 64 53
73 64 53
66 70 92
67 66 53
67 71 92
67 72 92
59 68 92
67 67 53
67 73 92
68 74 93
68 75 93
69 76 94
74 64 53
74 65 53
70 76 95
70 76 96
71 77 97
75 65 53
72 78 98
72 79 98
72 79 99
73 79 100
76 66 53
74 80 101
74 81 102
75 81 102
76 81 102
77 82 102
77 83 102
22 33 25
78 83 102
77 66 53
79 84 102
77 84 103
76 80 103
80 84 103
81 84 103
77 67 53
81 85 104
76 80 104
77 85 103
78 68 53
81 86 105
76 80 105
81 87 105
81 87 106
67 68 53
78 66 53
67 69 53
79 69 53
79 70 53
21 15 25
67 70 53
81 88 106
49 47 48
80 70 53
81 88 107
81 88 108
79 66 54
81 88 109
80 70 52
81 88 110
77 86 103
81 87 111
80 66 54
78 66 52
58 68 92
81 71 52
81 87 112
80 87 113
80 88 113
77 87 102
82 72 52
81 88 114
81 88 115
80 88 116
80 88 117
81 89 106
81 87 117
82 73 52
20 14 25
67 71 53
82 87 118
67 72 53
83 74 52
82 87 119
82 86 120
84 74 52
19 14 26
82 86 121
22 34 25
81 90 106
83 86 121
81 66 54
84 87 121
82 86 122
81 91 106
84 88 121
84 89 122
81 92 106
83 89 123
85 90 122
85 91 122
86 90 122
85 92 123
85 92 124
84 93 124
82 85 122
22 34 24
84 94 124
82 84 123
67 73 53
86 92 124
87 93 124
87 94 124
87 95 124
87 96 124
81 93 106
83 75 52
83 76 52
88 96 124
89 97 124
84 77 52
84 78 52
88 93 124
90 97 124
81 94 106
82 83 124
81 95 106
89 93 124
81 82 124
66 74 53
91 97 124
66 75 53
92 97 124
93 97 124
80 96 106
79 97 106
79 98 106
80 99 106
84 79 52
80 100 105
84 94 125
81 81 125
84 80 52
78 65 51
82 81 126
82 81 127
67 69 92
80 101 105
68 68 92
82 65 54
81 102 105
78 98 106
82 81 128
81 103 105
81 104 105
84 94 126
80 81 125
81 105 104
81 106 105
49 44 59
84 95 127
77 98 106
81 107 105
81 108 105
83 81 126
81 81 129
81 109 105
83 81 129
57 68 92
84 96 128
84 96 129
83 65 54
84 80 51
81 110 104
84 81 130
84 65 54
84 97 130
84 80 131
84 80 50
85 64 54
84 80 132
81 111 105
86 64 54
81 112 104
81 113 105
85 80 133
86 63 54
85 80 134
85 80 135
86 80 135
84 97 131
87 80 136
83 97 132
84 81 52
81 114 104
88 80 136
81 115 104
80 115 104
79 115 103
78 116 103
89 80 136
90 80 136
68 73 54
81 116 104
81 117 103
84 81 50
81 118 103
80 81 130
47 58 63
24 30 36
77 117 103
55 63 81
79 81 130
76 118 103
91 80 136
92 80 136
75 118 102
84 80 136
84 80 137
78 81 130
25 30 37
84 80 138
86 62 54
84 82 50
87 61 54
27 12 17
84 79 139
65 76 52
93 79 136
87 60 54
83 78 140
30 42 39
82 77 140
74 118 102
65 77 52
88 60 53
84 83 50
21 13 11
84 84 49
81 113 106
84 85 49
84 86 48
51 44 63
73 119 102
84 87 48
73 120 103
73 120 101
83 88 48
72 120 104
82 97 132
50 44 64
73 121 101
72 121 104
83 89 47
89 60 52
73 122 101
73 123 101
73 124 102
73 125 102
90 60 52
73 126 102
72 127 102
72 128 103
84 90 47
72 129 103
87 59 55
49 43 59
91 60 52
73 130 103
92 60 52
93 60 52
94 60 52
73 131 103
85 91 47
73 132 103
82 76 140
81 76 140
73 133 103
73 134 103
73 135 102
21 35 25
87 58 55
25 30 38
49 42 59
73 136 102
81 97 132
50 44 65
81 97 133
57 67 92
72 136 102
21 36 25
72 136 103
86 91 47
94 60 53
74 136 102
87 91 47
75 136 102
81 98 134
88 91 47
50 43 66
71 136 103
50 42 66
81 99 135
71 121 104
80 99 136
43 49 45
81 99 137
80 99 138
76 136 102
71 137 103
89 91 47
90 91 48
91 91 48
77 136 102
70 137 103
71 138 103
78 136 102
92 91 48
93 78 136
71 61 54
23 35 24
79 99 138
79 99 139
80 100 140
81 101 140
79 100 141
71 139 103
79 100 142
71 140 103
93 77 136
71 141 102
64 78 52
78 101 143
21 37 25
71 142 102
79 136 102
93 76 136
71 143 102
80 136 102
81 136 102
71 144 102
79 101 144
80 102 144
81 103 144
77 87 101
70 144 101
80 104 145
71 144 103
94 59 51
80 105 146
71 144 104
81 105 147
81 106 148
80 106 149
82 136 102
71 76 94
81 106 150
83 136 102
79 107 149
70 121 104
26 36 36
69 144 100
78 108 149
69 144 99
77 108 149
69 144 98
68 144 100
78 109 149
94 58 51
67 144 101
76 108 149
78 80 130
69 144 97
70 120 104
83 89 46
75 108 150
69 145 96
66 144 102
69 145 95
94 58 50
78 110 149
68 146 95
80 76 140
87 57 56
78 111 150
50 41 67
68 147 95
68 148 95
83 89 45
79 112 150
80 113 150
68 149 94
81 114 150
74 107 150
50 40 68
67 149 93
25 29 38
82 115 150
66 149 92
69 120 104
68 150 94
93 75 137
81 116 150
83 116 150
84 117 150
69 151 93
93 74 138
82 89 44
84 118 150
65 149 92
69 152 92
70 152 91
70 153 91
85 119 150
83 89 43
86 120 151
70 154 91
87 120 152
88 121 152
89 121 153
89 122 153
89 122 154
89 123 154
89 124 155
64 150 92
88 124 156
89 124 157
71 155 91
79 76 140
72 155 91
90 125 157
91 126 157
92 127 157
93 127 157
73 107 150
71 156 90
71 157 90
63 79 52
71 158 90
93 73 138
71 159 90
93 128 158
63 151 92
71 160 89
71 161 90
72 108 150
93 128 159
63 80 52
71 160 88
65 144 102
80 97 132
72 160 88
94 58 49
71 160 87
73 160 88
68 120 104
93 128 160
67 120 103
62 152 92
74 160 88
78 76 140
75 160 88
61 152 92
83 90 42
63 81 52
93 128 161
71 108 150
21 38 24
76 161 87
87 57 57
93 128 162
65 149 91
71 108 149
70 160 86
77 161 87
93 128 163
88 125 156
78 161 86
71 144 105
93 129 164
92 130 164
91 131 165
93 131 164
91 131 166
83 91 42
94 132 164
94 133 164
94 134 164
94 135 164
91 131 167
83 91 41
94 57 48
78 161 85
93 72 138
83 91 40
44 49 44
94 136 164
50 39 69
69 161 86
79 161 84
77 136 103
69 162 85
94 137 164
80 161 84
93 71 138
78 65 50
80 162 84
81 162 84
82 162 84
25 28 39
83 162 84
70 108 149
68 163 85
61 153 93
50 39 70
69 137 102
70 120 105
66 120 103
84 163 84
85 163 84
86 163 83
86 164 82
87 164 82
64 144 103
88 164 82
88 165 83
89 166 83
89 164 81
67 164 84
70 109 149
89 164 80
21 39 24
90 167 83
94 56 47
91 167 83
83 92 40
91 168 83
95 56 46
71 144 106
22 40 24
87 57 58
49 46 48
67 165 84
77 76 140
69 108 150
83 93 40
91 169 82
60 154 93
59 155 93
76 76 140
96 56 45
82 94 39
91 170 81
58 155 94
63 144 103
68 108 151
87 126 156
62 144 103
49 39 71
49 45 48
97 56 44
57 155 94
56 156 94
75 75 140
56 157 94
61 144 104
21 26 30
98 56 44
62 81 52
74 75 140
93 70 138
93 76 135
74 74 141
67 166 84
99 56 44
61 144 105
56 158 95
73 74 142
68 108 152
100 56 44
93 69 138
72 73 142
101 56 44
55 156 94
49 39 72
72 72 143
72 72 144
81 105 103
24 28 40
83 136 101
83 89 124
25 28 41
100 56 43
61 82 52
72 71 145
88 57 59
71 71 146
23 40 24
70 71 146
102 56 44
69 71 146
60 144 105
103 56 44
104 56 44
93 68 138
60 82 51
76 87 101
105 56 44
67 76 93
100 56 42
59 82 51
106 56 44
91 171 81
55 158 96
107 56 44
93 128 156
91 172 81
67 167 84
59 83 51
108 56 44
82 95 39
69 70 147
109 56 44
91 173 81
66 119 103
69 70 148
110 57 44
111 57 44
69 70 149
90 131 167
112 57 44
79 98 132
113 57 44
67 168 84
83 96 38
114 57 44
89 164 79
84 97 38
69 70 150
69 69 151
68 69 152
91 173 82
89 164 78
91 174 83
115 57 44
44 49 43
59 144 104
84 98 37
91 175 84
116 57 44
58 144 105
81 100 104
89 164 77
90 164 77
91 176 84
68 68 152
68 67 92
68 108 153
72 72 141
89 163 76
91 177 84
67 67 152
54 158 96
116 56 44
66 66 152
89 163 75
117 57 44
118 57 44
91 164 77
85 98 37
119 57 44
84 99 37
120 57 44
121 57 44
84 81 53
122 57 45
90 163 74
53 159 96
92 164 77
54 155 94
93 164 77
57 144 106
123 57 46
31 44 46
84 100 37
124 57 46
53 160 97
124 56 47
71 72 141
125 57 46
83 100 37
94 164 77
58 83 51
125 56 48
56 144 106
66 65 152
79 82 131
93 67 138
53 160 98
89 131 167
95 164 77
57 84 50
125 55 49
91 178 83
49 39 73
55 143 106
96 164 76
92 91 49
125 54 49
65 64 152
96 164 75
81 94 38
53 155 93
64 64 152
96 164 78
97 164 75
98 164 75
99 164 74
91 179 82
53 161 98
64 63 152
125 55 50
100 165 73
101 165 74
102 165 74
56 84 50
63 64 152
55 85 50
52 162 98
54 143 106
100 166 72
62 63 152
88 131 167
61 62 152
93 127 163
61 61 152
121 57 43
84 101 37
49 44 47
100 167 71
101 167 70
102 168 69
52 155 93
51 155 92
70 69 152
52 163 97
71 60 54
50 155 92
67 169 84
52 163 99
102 169 68
49 155 91
125 53 48
53 143 107
85 101 37
52 143 108
67 170 84
102 170 67
86 102 37
94 137 165
24 40 24
48 155 91
51 143 108
52 163 100
47 156 91
26 27 42
125 58 46
48 155 90
87 131 167
48 155 89
83 90 39
48 39 73
87 103 37
51 164 100
61 61 153
86 131 168
57 69 92
77 79 103
25 40 23
83 89 38
102 168 70
47 39 73
86 130 169
101 171 67
50 164 101
85 130 170
84 131 170
47 155 88
54 85 50
60 61 154
101 172 66
60 61 155
46 39 73
46 155 88
67 171 85
101 173 66
101 173 65
126 57 45
102 173 66
87 103 36
127 57 45
128 58 45
125 55 51
50 165 102
87 104 36
45 155 87
50 166 102
59 61 154
85 130 171
129 58 45
58 61 154
50 167 103
85 129 172
86 128 173
88 57 60
130 59 45
49 167 104
92 91 50
49 168 105
44 155 87
49 169 105
88 104 36
57 61 155
91 179 84
88 105 36
25 26 43
131 60 45
93 66 138
125 55 52
101 173 64
86 128 174
101 173 63
132 60 45
133 60 45
134 60 45
45 39 74
134 60 44
135 60 44
86 129 175
136 60 44
61 61 156
137 60 44
138 60 44
57 61 156
139 60 45
48 154 89
140 59 45
141 59 45
54 63 81
49 170 106
100 57 42
89 106 36
142 59 45
53 85 50
61 60 156
49 171 107
52 86 49
90 106 35
102 173 63
143 59 45
61 59 156
91 106 35
144 59 45
48 171 108
50 143 108
87 127 174
61 58 156
92 106 34
48 172 109
125 52 48
48 173 109
92 106 33
103 173 63
93 106 33
104 173 62
105 174 62
106 174 62
107 174 62
108 174 61
62 57 156
61 82 53
145 60 45
109 174 61
110 173 60
111 173 60
48 174 110
48 175 111
146 60 46
27 42 40
93 65 138
89 107 36
112 174 61
113 174 61
48 176 111
67 172 85
94 107 32
61 60 151
51 87 49
43 156 86
114 174 61
48 177 112
115 174 62
100 173 62
116 174 63
87 127 175
117 174 62
48 178 113
118 174 62
51 87 48
119 175 62
119 176 61
147 60 47
120 175 62
56 61 155
148 60 48
121 175 62
122 175 62
43 157 85
149 60 48
123 175 63
48 178 114
125 51 49
95 107 32
93 64 138
42 157 84
50 39 73
42 158 83
150 60 48
48 179 115
151 60 48
123 176 63
47 179 116
152 61 48
153 61 49
154 62 49
47 180 117
153 60 49
47 180 118
155 62 50
86 130 175
80 116 150
119 177 61
82 100 36
156 62 51
59 84 51
93 63 138
125 51 47
86 131 175
42 158 82
153 59 49
55 61 154
51 88 47
64 148 90
95 108 32
123 177 64
69 69 146
153 58 49
94 63 138
96 108 32
157 62 51
94 62 137
158 62 51
153 57 49
125 55 53
54 61 154
87 126 175
123 178 64
47 181 118
20 37 25
159 62 51
51 87 50
67 173 84
63 56 156
89 108 36
89 109 36
53 61 154
41 156 84
154 63 48
123 179 64
49 178 114
48 182 118
65 120 104
95 63 138
52 62 154
159 63 52
42 158 81
96 63 138
100 56 41
97 63 139
51 63 154
85 131 175
97 62 139
98 62 139
123 174 64
48 182 119
61 59 150
42 159 80
99 62 139
50 63 155
123 180 64
100 61 139
51 88 46
101 61 139
51 89 45
82 100 35
51 89 44
40 155 84
101 60 140
122 175 61
123 174 65
40 154 84
102 60 141
48 182 120
49 63 155
49 63 156
61 58 149
48 64 155
48 182 121
45 39 75
125 56 54
123 181 63
148 61 49
125 50 49
49 63 157
42 159 79
154 63 47
68 66 92
155 63 46
42 159 78
70 110 149
47 64 155
49 64 158
123 182 63
90 162 73
75 79 105
102 59 141
44 39 75
67 174 84
156 63 45
100 173 61
46 64 154
95 109 31
68 108 154
123 180 65
123 183 64
123 173 65
123 175 61
89 57 61
102 61 139
78 65 49
144 59 44
48 182 122
159 61 52
144 58 43
123 184 63
100 173 60
94 61 137
123 185 64
93 128 155
123 180 66
156 64 44
30 43 46
100 56 40
75 87 101
63 55 156
83 81 54
61 83 54
81 100 34
67 175 84
48 182 123
49 64 159
48 182 124
49 64 160
42 158 77
39 155 84
67 176 84
123 173 66
156 64 43
159 61 53
125 55 55
102 59 142
102 59 143
48 181 124
48 182 125
64 120 105
49 64 161
96 110 31
48 63 161
103 59 144
97 110 31
104 59 145
63 54 156
67 177 83
25 26 44
83 89 37
105 59 145
159 64 52
46 182 118
123 186 63
123 186 62
123 175 60
105 59 146
48 63 162
92 91 51
80 101 34
123 187 62
48 182 126
87 125 175
48 182 127
67 178 82
124 188 62
97 111 31
106 59 146
42 159 76
123 189 63
123 174 59
48 62 163
159 61 54
124 189 61
123 174 58
67 179 82
67 180 81
144 57 43
107 59 146
148 61 50
125 189 60
125 190 59
126 189 60
124 191 58
127 189 60
124 192 57
128 189 60
107 58 146
49 65 161
107 58 147
38 155 84
108 58 147
102 58 141
48 62 164
84 131 175
67 181 80
157 63 43
156 65 42
125 50 46
47 181 127
109 58 147
61 57 148
87 124 175
110 58 147
48 62 165
111 58 147
112 58 147
48 182 128
64 53 156
113 58 147
49 43 47
67 182 80
49 182 128
114 58 147
128 189 61
157 65 41
158 66 41
159 60 55
49 182 129
48 62 166
78 65 48
42 159 75
158 67 41
159 59 55
71 161 91
115 58 147
102 62 139
159 58 55
116 58 147
83 136 103
46 64 153
49 181 130
70 152 90
89 57 62
125 55 56
117 58 147
118 58 147
53 84 49
119 59 147
41 159 74
81 117 102
159 57 56
159 67 40
48 63 167
68 107 154
71 71 140
159 56 57
160 68 40
41 159 73
63 120 105
124 193 57
40 159 73
67 183 79
161 68 39
37 154 84
124 194 57
49 181 131
125 49 50
49 181 132
159 55 57
48 63 168
45 182 118
160 55 57
125 48 51
162 67 39
51 90 44
49 181 133
48 63 169
22 25 26
161 55 58
123 173 58
80 94 38
67 183 78
100 173 59
99 56 39
48 61 163
122 190 63
102 57 141
123 195 57
163 67 39
128 189 62
164 67 39
65 52 156
165 67 38
73 121 100
44 182 118
65 51 156
100 173 58
166 67 38
67 184 79
125 195 57
123 172 57
125 196 56
126 197 57
49 182 134
122 195 56
45 64 152
159 54 57
49 182 135
65 50 157
64 148 89
68 65 92
99 57 38
161 54 59
126 198 57
161 53 59
167 67 38
49 182 136
48 63 170
26 26 45
65 49 158
127 198 57
127 199 58
66 185 79
128 199 58
79 87 113
102 164 75
161 54 60
161 54 61
45 63 151
48 62 171
128 200 57
168 66 38
70 71 140
157 68 41
44 62 151
102 56 141
71 109 150
127 201 57
161 53 62
66 186 80
67 183 77
65 49 159
65 48 158
128 202 57
128 202 58
126 202 57
49 183 136
167 68 38
128 189 63
89 109 37
61 67 85
50 168 102
44 61 151
48 184 136
161 52 59
168 69 38
66 187 80
49 62 172
69 111 149
125 49 45
105 60 147
123 172 56
50 184 136
49 62 173
50 185 136
49 62 174
68 108 155
50 62 175
144 57 42
123 173 67
161 51 59
66 188 80
161 69 38
124 172 55
49 62 176
161 70 37
49 66 161
61 57 147
79 101 33
49 42 47
50 178 114
168 70 38
123 173 68
67 189 80
63 147 89
65 47 157
65 46 157
168 71 38
49 62 177
51 91 44
39 159 72
148 62 50
43 182 118
26 40 22
43 39 75
86 123 175
125 49 44
47 171 108
50 62 178
29 44 46
129 200 56
130 200 56
125 172 54
66 190 80
89 58 63
131 200 56
67 65 55
45 63 150
128 202 59
42 182 117
50 62 179
67 183 76
126 172 53
67 183 75
51 186 136
127 172 52
161 53 63
42 39 76
39 159 71
62 56 146
62 120 106
122 195 55
49 62 180
66 191 80
44 61 150
52 186 136
51 62 180
161 50 59
132 200 56
128 172 52
99 57 37
168 72 39
128 172 51
51 61 181
129 172 52
51 60 181
39 159 70
49 63 181
49 63 182
49 63 183
130 172 51
128 202 60
50 61 65
121 195 54
168 73 39
133 200 56
39 159 69
49 62 184
47 45 57
39 159 68
120 195 54
128 202 61
26 26 41
47 64 154
134 200 56
49 64 183
51 92 44
161 49 59
52 60 182
38 159 68
53 60 183
135 200 56
131 172 50
136 200 56
53 60 184
168 74 38
62 55 145
52 187 136
74 87 101
168 75 38
119 60 147
54 60 184
161 48 58
53 188 136
161 52 64
168 76 37
44 65 152
99 57 36
137 201 55
49 62 185
50 180 133
132 172 50
66 192 79
168 77 37
138 201 56
53 189 136
139 202 56
52 190 136
161 52 65
125 47 52
81 117 101
161 52 66
123 172 68
162 48 58
168 78 37
53 59 184
128 172 50
163 48 58
37 153 84
36 152 84
51 89 43
49 62 186
49 65 183
66 192 78
55 60 185
140 203 56
141 203 56
142 203 55
168 79 38
128 202 62
94 107 31
51 93 43
49 66 184
48 177 110
78 64 47
67 183 74
133 172 49
134 171 49
43 66 152
54 190 136
127 172 49
44 49 42
99 57 35
164 48 58
41 39 76
49 66 185
100 173 57
55 191 136
36 151 84
127 172 48
134 170 50
143 204 56
66 193 79
160 52 67
168 79 36
37 158 68
160 52 68
43 61 149
49 67 186
105 61 148
134 171 48
52 92 44
66 193 77
68 111 148
49 62 187
161 52 68
142 203 54
68 64 92
144 204 57
145 204 57
39 159 67
49 68 187
55 60 186
146 204 58
135 171 48
36 159 67
147 204 58
161 53 69
49 68 188
56 192 136
36 159 66
94 137 166
75 73 141
125 46 52
86 122 175
148 204 58
149 204 58
125 49 43
68 112 149
79 100 32
57 192 136
87 127 156
125 47 53
102 163 75
142 204 53
98 56 35
55 60 187
55 59 187
149 205 58
105 61 149
49 41 59
86 121 176
27 11 17
49 69 189
80 102 145
105 61 150
142 203 52
48 69 190
150 203 58
120 195 53
135 169 51
151 203 58
165 48 58
51 190 135
51 191 135
53 58 184
152 203 58
168 80 38
36 159 65
49 70 189
83 161 84
153 204 57
168 81 39
123 180 67
51 39 69
29 45 46
55 58 187
53 57 184
154 205 57
159 51 68
135 171 47
57 62 83
51 179 133
50 191 135
155 205 58
86 120 177
83 81 139
48 71 189
161 53 70
41 182 117
156 205 57
100 173 56
159 50 69
65 45 157
51 94 43
40 182 117
54 60 72
161 53 71
161 54 72
47 184 136
125 46 54
159 49 69
142 203 51
49 192 135
121 190 63
58 68 86
39 182 117
58 191 136
87 120 178
89 57 64
98 55 35
20 7 11
125 48 42
35 159 65
157 204 57
128 202 63
157 204 58
89 59 63
45 49 41
68 108 156
51 95 42
