255 255 255
248 248 255
241 241 255
248 244 251
239 239 253
239 239 253
237 237 255
241 237 251
237 237 255
239 239 253
241 237 251
237 237 255
239 241 253
239 239 253
239 239 253
239 241 253
232 241 253
241 237 251
225 241 253
241 237 251
222 238 250
222 241 250
241 237 251
216 235 250
239 241 253
216 241 250
222 238 250
241 237 251
241 237 251
239 243 253
241 237 251
239 241 253
239 241 253
222 241 250
222 241 250
222 238 250
244 248 251
222 241 250
222 241 250
222 241 250
222 241 250
222 238 250
222 238 250
222 238 250
222 238 250
244 244 255
248 255 248
241 255 241
236 255 236
236 255 236
236 255 236
236 255 236
236 255 236
236 255 236
236 255 236
236 255 236
248 255 234
247 254 233
240 254 226
237 251 223
235 254 221
240 251 223
237 251 220
237 251 220
237 251 220
237 251 220
237 251 220
237 251 220
240 251 223
240 251 223
240 251 223
240 251 223
247 251 216
247 246 211
240 251 223
240 246 204
240 246 204
240 246 204
240 246 204
240 246 204
240 246 204
240 246 204
240 246 204
237 246 204
248 254 234
240 254 226
240 254 233
237 253 204
240 251 226
245 251 231
237 250 201
230 250 194
223 250 187
226 250 184
233 243 184
239 243 178
240 244 178
246 236 178
239 240 178
246 235 178
240 247 181
232 240 178
244 240 182
248 236 178
231 240 178
244 236 178
244 236 178
244 236 178
244 236 178
248 235 179
248 240 178
233 250 184
233 255 184
240 247 178
240 255 184
247 247 181
248 247 180
223 255 182
223 252 179
216 252 172
214 252 170
216 252 172
216 255 169
216 252 172
216 252 172
216 252 172
216 252 172
237 250 201
225 255 199
218 248 199
218 247 199
212 247 205
205 247 205
198 247 198
191 247 191
191 240 191
191 240 191
191 240 191
191 233 191
188 230 194
189 231 189
184 233 191
181 230 191
181 230 201
182 233 189
179 232 203
198 247 205
179 230 189
172 225 203
172 223 182
167 225 203
172 221 207
167 223 187
165 221 207
165 216 182
163 219 205
179 214 207
223 253 187
175 210 203
179 210 207
173 223 181
172 223 182
180 216 181
167 216 187
167 228 200
187 216 181
165 216 187
189 214 181
161 212 178
198 240 184
191 233 177
191 240 177
190 240 176
191 240 177
191 233 177
196 214 174
191 240 177
179 239 203
180 214 181
191 209 169
191 216 162
199 214 171
186 210 207
193 210 207
199 207 164
199 200 157
199 203 154
194 209 208
184 223 155
198 226 177
177 223 155
186 217 207
196 209 208
191 209 169
191 223 148
192 207 206
199 200 206
192 207 206
199 193 157
198 230 141
163 221 207
199 200 164
192 209 206
201 191 155
198 202 153
191 209 169
198 199 163
163 212 205
199 199 206
191 230 141
188 230 138
198 192 156
192 207 206
186 246 203
181 223 138
208 191 162
191 209 169
181 230 131
209 190 162
198 200 157
192 207 206
207 190 161
163 205 212
198 214 176
206 199 206
192 207 206
177 234 131
207 190 161
177 228 125
157 205 218
215 190 162
181 237 131
179 226 125
194 210 172
205 237 141
174 228 125
194 210 172
191 233 144
194 211 206
165 228 207
215 183 162
181 216 131
150 205 218
194 210 172
177 226 127
144 199 212
181 244 131
215 178 157
198 226 170
151 206 205
172 229 182
180 215 130
206 237 140
149 206 218
180 214 130
194 210 172
148 209 202
206 244 133
222 197 162
204 244 131
171 228 181
191 214 183
198 191 155
185 227 138
180 244 130
141 199 215
202 214 176
141 202 195
197 190 154
165 235 207
173 214 130
166 205 212
170 214 130
191 202 169
135 208 195
204 251 124
164 234 208
213 206 206
169 239 213
169 232 220
190 201 168
215 182 153
200 247 120
135 209 196
196 216 208
151 205 205
190 241 175
208 251 120
170 230 155
135 196 195
141 202 195
185 218 208
141 192 215
183 194 168
202 190 155
158 228 207
167 233 155
210 249 120
157 229 207
200 226 168
135 190 189
140 191 216
169 230 220
208 196 167
135 197 182
140 184 216
217 182 151
220 199 206
140 179 216
155 225 204
173 219 135
128 190 182
220 206 206
217 179 148
215 176 169
125 190 182
191 247 198
135 204 175
183 216 206
133 179 216
126 179 223
135 211 175
120 179 223
130 199 170
184 222 155
120 172 223
215 169 169
131 211 171
214 168 168
183 216 206
167 240 155
168 240 156
155 229 209
163 240 151
200 240 184
142 179 214
120 167 228
213 199 199
138 189 212
169 246 220
214 161 168
120 165 216
214 159 170
196 213 206
168 246 219
222 203 168
212 159 166
218 211 211
213 192 199
220 192 213
160 243 151
127 158 209
218 218 211
218 225 218
151 229 204
120 185 229
179 190 164
177 226 127
205 159 166
113 185 229
131 218 171
183 216 206
205 254 205
220 192 199
215 187 218
220 161 168
177 226 127
215 180 225
212 159 166
125 190 175
198 152 159
215 187 208
140 204 170
142 206 218
186 212 205
216 181 226
213 225 223
211 190 197
141 206 218
205 155 170
142 211 168
222 169 169
207 226 168
126 186 223
209 188 233
211 190 197
220 159 166
129 220 169
206 185 233
206 231 140
128 204 175
127 167 228
198 148 159
187 194 172
168 246 221
171 229 181
195 230 194
220 192 206
138 189 212
227 213 199
193 148 159
133 152 215
199 148 158
140 152 215
120 151 216
200 159 166
128 167 228
212 188 236
192 202 170
135 190 175
224 192 199
128 221 170
126 221 170
193 149 158
199 141 158
225 199 211
147 152 215
229 197 162
168 253 228
136 189 174
179 190 164
161 253 221
199 135 152
215 187 208
215 187 208
120 158 209
203 152 154
199 137 158
161 253 221
196 135 149
120 144 216
217 249 120
172 190 157
150 152 215
215 180 218
211 190 197
140 145 208
214 170 169
161 253 221
202 138 149
206 232 223
215 174 218
140 159 208
211 190 197
204 135 152
168 239 212
211 190 197
110 182 226
192 216 206
161 253 221
199 220 165
119 144 217
193 156 158
236 197 169
171 210 207
217 245 116
138 189 212
126 144 210
216 187 218
232 199 211
150 145 222
175 253 228
189 128 149
189 160 154
126 142 210
110 182 226
182 226 125
110 182 226
140 145 208
229 169 169
120 186 216
185 124 145
217 187 146
118 188 216
213 245 112
136 182 167
230 169 170
135 181 166
119 143 215
160 240 151
204 142 152
161 253 221
177 226 127
120 174 228
224 164 164
136 182 174
184 128 149
222 218 194
140 138 201
215 187 208
119 143 218
222 190 197
224 245 116
136 181 166
144 134 201
130 221 169
243 197 169
113 158 209
217 245 109
140 134 205
165 183 150
139 137 200
175 240 156
236 169 169
131 177 166
198 224 168
120 179 216
224 190 195
209 182 236
158 176 143
228 164 160
231 245 116
151 176 136
135 218 175
181 218 208
145 176 130
215 187 208
110 188 229
158 176 143
145 174 130
183 160 160
236 199 211
140 163 212
118 179 214
110 182 226
139 144 207
145 176 136
140 141 212
154 253 214
182 236 132
150 138 229
213 245 105
146 134 201
184 124 144
112 143 208
199 244 140
106 137 208
211 225 218
126 220 170
158 190 150
147 253 207
106 136 208
140 253 200
135 253 195
141 247 201
236 168 170
133 156 205
106 137 202
146 174 129
161 253 235
154 253 235
111 188 209
141 247 201
147 253 242
146 253 241
136 175 174
177 226 127
198 233 184
235 170 170
155 187 147
147 253 228
146 252 242
139 144 207
106 144 209
141 247 201
102 144 213
150 134 229
107 136 201
140 253 200
139 144 207
142 248 223
104 195 209
162 180 153
144 128 223
140 142 197
140 253 200
151 128 223
127 204 176
146 253 242
128 253 195
102 197 207
105 143 208
147 154 213
198 223 141
152 127 224
238 245 109
198 230 187
138 128 229
102 193 207
217 252 109
100 143 213
152 126 223
151 126 223
133 156 205
97 202 207
136 168 174
106 137 202
182 194 177
139 134 197
142 248 223
142 248 223
133 156 205
148 123 226
211 247 199
145 183 130
200 152 159
110 182 226
213 242 105
146 211 164
186 190 164
205 226 177
102 136 196
133 165 174
142 248 223
154 253 200
222 190 197
142 248 223
139 183 124
229 164 169
178 190 173
175 247 149
211 161 165
217 245 102
170 216 138
209 222 181
138 139 210
232 213 199
150 249 210
109 186 207
144 128 223
120 182 232
139 144 207
241 169 164
243 195 171
100 199 213
175 246 235
109 186 207
110 189 229
238 238 109
238 231 116
213 206 199
184 124 145
127 207 179
120 160 235
238 229 116
167 227 155
222 190 197
106 158 209
139 144 207
120 172 216
106 137 202
125 253 198
134 178 124
230 252 172
118 246 191
110 182 226
244 198 169
241 165 160
118 246 191
142 248 223
132 183 124
112 240 185
107 188 213
113 158 210
179 246 203
241 160 160
106 137 202
142 248 223
176 153 153
152 128 223
176 153 153
134 209 202
217 255 114
201 232 223
198 209 153
178 190 173
213 245 109
196 167 154
182 246 235
194 128 154
141 168 169
191 162 149
102 129 189
176 153 153
211 248 199
178 190 173
93 143 213
118 246 191
102 123 195
86 143 213
118 253 198
111 246 191
103 122 194
102 127 187
106 246 186
155 190 153
97 209 200
242 160 159
139 127 197
147 229 204
102 122 187
236 206 218
175 246 203
81 143 218
93 144 214
175 190 176
81 139 218
196 249 196
212 179 236
250 195 171
150 123 228
137 197 182
205 148 170
189 135 142
184 130 137
107 127 187
179 183 157
178 190 173
195 244 208
214 211 211
205 254 205
102 186 207
126 143 225
187 130 134
191 162 149
212 219 181
85 139 222
136 209 195
217 243 100
138 121 229
215 197 213
125 183 124
116 160 239
118 176 117
176 180 154
151 177 136
170 219 135
111 176 117
197 230 196
180 244 132
114 238 185
110 176 117
160 205 218
138 118 229
92 143 213
250 198 171
188 162 146
237 251 122
155 183 153
130 224 166
215 187 225
139 134 205
108 178 119
175 233 189
95 134 187
139 120 197
213 242 112
107 178 120
203 216 161
85 144 213
146 218 164
187 121 147
187 114 147
136 165 171
142 248 223
95 136 185
128 190 168
181 237 138
215 190 169
178 250 152
81 144 213
111 246 191
97 216 207
112 253 204
140 119 198
155 176 146
239 231 117
120 167 221
131 168 174
176 153 153
97 217 208
121 238 192
183 114 151
178 190 173
110 178 117
146 142 197
109 144 213
206 192 233
186 160 144
152 121 228
218 246 101
109 204 207
150 171 141
175 247 149
147 112 191
237 231 117
158 195 155
150 145 229
194 114 147
100 127 187
88 134 180
81 134 180
164 235 209
74 127 180
117 234 188
77 139 222
189 109 142
216 179 225
146 149 233
189 102 142
183 108 157
74 120 180
74 113 180
126 221 177
190 101 157
236 209 218
206 199 233
150 171 141
238 231 109
75 113 180
125 253 184
220 220 206
70 139 222
147 119 184
222 174 218
180 251 132
191 162 149
169 153 153
65 134 217
155 192 152
67 113 180
97 223 207
157 171 134
197 94 164
102 122 195
70 132 222
69 140 223
63 125 222
209 175 236
73 128 180
147 126 184
147 119 184
187 137 134
63 118 222
79 132 178
196 102 142
136 137 212
173 255 230
173 149 157
95 136 187
73 130 178
152 114 228
64 117 223
199 230 196
150 152 229
144 128 223
140 113 198
144 119 181
151 154 209
224 199 206
73 134 178
196 101 141
203 192 236
79 132 178
161 246 235
198 94 163
81 120 173
210 231 136
75 109 184
203 244 144
71 117 223
135 221 178
82 102 184
187 121 147
193 141 166
82 119 172
127 190 167
82 98 180
139 127 197
88 98 180
191 162 149
206 206 233
133 113 191
58 134 217
209 168 236
182 219 118
196 98 141
182 212 111
187 121 147
203 98 141
111 246 191
190 87 164
205 163 170
184 216 162
183 211 111
191 162 149
154 112 228
164 228 181
63 117 224
107 238 185
150 129 181
144 114 181
92 139 222
189 86 165
101 217 208
189 253 242
102 193 207
90 223 207
104 238 185
217 182 153
213 206 233
65 113 178
127 107 185
119 143 232
196 116 142
118 143 233
107 176 120
180 144 127
165 177 150
186 239 203
79 132 178
154 107 233
200 254 127
125 176 110
198 116 140
119 246 204
101 178 119
229 218 194
95 136 225
53 139 217
184 248 242
127 100 185
46 139 217
127 99 186
179 143 126
155 193 152
94 178 119
89 119 165
214 176 170
53 146 224
211 142 145
146 252 241
125 178 108
213 140 143
128 101 186
147 132 181
154 100 233
127 107 185
154 94 233
87 178 119
53 153 231
194 141 165
182 211 111
100 186 207
39 132 217
213 146 137
90 227 207
160 171 131
187 102 140
77 111 184
98 209 200
71 105 180
86 177 119
180 223 181
73 121 180
165 149 149
81 121 172
86 178 118
63 123 230
149 100 228
53 160 231
134 135 210
198 87 156
37 132 219
213 140 147
75 119 165
53 167 231
191 80 149
182 146 125
165 153 153
158 96 229
141 165 166
134 134 210
94 134 188
187 187 179
218 146 132
185 185 177
153 233 151
209 164 236
38 131 216
125 185 108
216 222 181
82 98 184
165 180 153
201 121 147
73 117 163
78 98 188
188 186 180
205 223 141
202 121 148
132 127 197
140 132 174
97 227 200
161 94 233
199 206 233
195 101 141
196 253 242
163 168 134
191 248 242
120 142 233
95 142 231
109 186 207
146 221 167
157 168 134
121 185 104
45 139 216
86 180 116
217 255 120
117 234 188
135 214 178
47 140 230
53 173 231
112 150 201
153 226 144
149 94 233
86 187 116
216 252 179
235 231 109
250 195 174
94 171 119
201 233 224
60 134 222
119 240 185
100 165 119
86 194 116
158 216 182
212 145 136
76 118 166
227 220 206
245 252 109
49 173 231
120 99 186
142 214 178
73 110 163
236 190 169
137 144 215
101 210 208
190 110 136
137 135 171
191 87 142
179 142 125
205 145 136
112 143 194
132 95 185
165 94 229
73 117 221
137 133 169
153 233 144
121 234 196
148 238 139
84 196 118
128 134 210
119 98 185
195 210 237
125 192 101
119 92 179
186 87 142
70 120 184
238 252 102
187 128 154
206 233 223
142 133 164
37 139 219
87 164 119
73 104 157
188 89 140
200 255 126
183 161 160
125 199 101
196 192 236
237 206 219
88 136 232
84 187 118
65 140 217
186 80 135
195 206 229
252 200 169
156 216 184
212 175 236
107 122 182
86 164 119
140 253 228
86 160 115
69 104 153
186 80 149
86 198 118
65 104 153
97 162 122
71 98 180
150 171 141
220 140 147
191 80 130
168 94 233
180 150 133
37 131 216
126 200 100
102 193 207
91 119 163
174 144 127
138 253 226
81 155 115
127 113 191
191 80 149
140 159 215
191 248 242
220 168 161
96 119 165
73 108 153
206 251 133
167 144 127
192 200 213
238 252 102
195 106 162
151 224 142
59 173 237
123 224 159
133 200 100
121 192 101
190 110 136
193 78 130
211 149 145
37 140 218
178 185 184
235 231 116
84 198 116
186 89 140
94 157 126
175 87 233
131 165 172
174 144 127
94 185 112
174 144 127
84 136 236
152 123 226
238 252 102
190 87 157
112 146 191
169 95 233
118 136 233
167 145 128
150 171 141
127 120 191
63 137 225
118 176 110
196 246 249
125 240 185
97 220 200
121 200 95
63 117 222
134 200 99
252 207 176
188 196 209
128 190 196
84 198 118
167 228 193
184 124 137
182 87 233
183 247 234
46 140 231
185 193 209
119 144 231
185 87 236
116 174 108
182 88 234
204 142 138
222 218 187
146 156 233
120 167 228
125 176 124
206 255 133
37 147 218
88 127 173
100 177 118
124 199 102
230 250 199
193 71 130
191 248 242
94 150 126
94 143 119
193 255 119
144 141 201
186 255 112
92 141 117
150 132 181
116 224 159
175 82 228
127 100 185
94 224 197
97 140 122
186 64 130
92 150 128
71 98 188
216 164 236
179 255 105
127 107 185
73 103 170
118 178 117
73 96 170
116 231 159
195 245 249
168 75 221
134 194 99
178 254 104
206 237 141
146 135 202
153 226 158
200 148 170
185 254 111
238 252 102
125 197 175
183 254 234
190 110 136
88 165 120
179 223 182
98 117 163
144 128 223
186 255 98
194 140 166
183 88 232
238 238 116
190 106 167
125 169 124
171 254 97
91 227 197
147 157 233
198 94 164
237 199 219
151 224 142
60 167 224
104 111 163
174 144 127
116 139 194
166 144 127
164 254 90
54 166 231
220 213 206
76 121 166
235 252 99
142 238 145
116 238 152
133 193 216
136 133 168
148 224 139
126 168 123
218 162 236
176 183 186
243 209 225
116 217 152
188 196 209
186 142 125
141 194 99
121 253 184
188 196 209
117 234 188
94 164 133
116 143 229
84 227 197
145 190 130
114 238 150
223 164 236
89 118 166
120 162 117
90 136 225
188 196 209
238 252 102
144 128 223
95 163 134
245 200 183
154 253 249
93 163 136
168 68 228
138 221 181
235 230 117
172 64 232
150 149 233
127 175 239
82 103 185
181 223 131
120 169 124
111 163 209
151 224 142
157 171 148
182 153 125
32 152 218
168 149 157
185 254 111
186 254 98
225 162 236
179 156 122
243 207 223
118 188 209
176 177 192
175 211 111
148 194 92
181 160 160
190 87 157
166 68 228
223 171 243
150 226 158
172 63 233
230 197 175
213 146 127
109 180 207
190 110 136
92 140 118
168 75 221
82 225 197
123 174 108
147 194 91
176 190 193
225 218 184
146 141 201
210 180 139
143 190 132
197 106 174
117 188 226
252 207 169
151 224 142
149 193 91
119 143 187
147 246 228
46 160 238
190 110 136
218 248 206
207 177 136
182 253 242
142 204 175
181 250 133
135 202 195
179 64 130
201 233 223
218 146 127
58 140 210
92 162 131
212 177 131
222 225 194
178 64 131
175 204 111
151 194 92
95 150 126
190 113 174
196 219 208
142 190 189
116 231 152
40 160 238
179 143 126
179 57 137
31 152 218
191 255 93
168 68 214
180 56 137
131 195 214
133 207 100
196 239 249
235 229 109
216 157 243
168 218 104
92 163 136
190 211 111
174 144 127
123 236 198
101 188 207
81 227 194
94 143 119
209 150 243
180 156 122
168 82 214
102 193 207
79 155 113
224 183 195
44 160 236
71 109 184
179 143 126
166 144 127
95 165 136
57 143 231
72 155 113
94 224 197
46 146 224
140 152 208
109 210 152
140 120 184
95 120 180
168 84 212
117 234 188
195 238 249
90 155 115
186 248 112
116 136 233
134 208 100
65 162 120
252 252 109
126 165 123
210 187 139
177 64 128
183 248 112
79 225 192
172 57 137
123 167 108
167 219 104
129 177 241
191 87 149
135 101 186
164 254 104
185 80 236
71 91 188
132 178 124
72 225 199
169 198 105
108 209 151
80 117 221
212 184 131
198 120 136
165 65 214
154 126 184
136 177 248
235 238 109
238 252 102
175 197 176
82 115 223
177 71 121
102 140 127
216 150 243
69 225 202
224 176 195
209 195 236
182 82 228
223 162 236
63 162 122
164 254 90
179 71 119
86 196 120
65 148 106
164 254 90
165 57 137
83 115 223
177 76 116
101 216 151
225 211 211
116 238 166
116 167 108
185 178 177
87 117 221
67 167 217
56 162 122
59 148 100
159 57 137
241 173 160
84 194 116
74 167 210
109 210 159
81 167 217
72 225 185
223 150 243
194 107 154
60 160 210
142 135 164
195 203 237
61 137 213
195 186 187
79 165 215
188 190 209
52 141 100
79 165 215
151 131 223
192 190 213
151 224 142
180 128 154
79 165 208
213 146 132
70 139 215
56 170 240
164 254 90
147 156 233
207 170 136
106 140 185
168 75 221
73 118 162
59 142 100
175 82 207
159 58 137
117 244 206
97 155 115
180 52 137
56 162 115
127 175 241
67 225 185
224 149 242
106 163 204
193 64 130
92 140 117
40 167 238
72 148 113
217 142 242
45 141 100
167 218 104
101 223 144
151 193 91
164 145 131
45 140 231
213 139 127
196 109 142
198 109 142
177 84 207
149 101 226
142 211 181
71 84 188
124 182 236
84 194 125
72 148 99
209 121 148
100 164 118
169 99 229
68 91 170
74 167 224
93 143 220
73 149 98
100 224 143
73 118 166
163 205 198
161 126 184
147 113 205
160 125 183
114 200 95
174 226 125
60 174 224
231 142 242
125 177 243
120 192 229
194 121 154
80 149 91
195 233 138
106 147 178
120 238 166
168 75 221
182 214 162
216 141 242
209 135 123
235 146 242
99 185 107
68 226 202
186 87 135
237 255 118
174 81 206
185 87 233
231 137 237
250 207 223
168 211 111
168 84 216
135 209 202
200 64 130
50 162 122
213 121 144
186 89 133
174 82 206
73 149 84
246 231 117
171 177 144
116 129 226
231 130 237
228 162 233
174 198 177
238 130 237
215 196 174
130 167 108
128 214 94
128 218 90
187 110 171
180 81 207
176 198 105
102 163 200
60 160 210
126 92 172
95 147 131
239 129 237
119 92 165
146 190 189
109 245 166
176 196 105
207 64 130
161 68 214
127 160 228
235 209 217
217 231 136
155 68 214
132 86 172
146 163 240
56 173 240
140 117 181
90 155 115
175 225 97
114 199 95
243 228 114
212 187 128
243 223 109
59 148 107
187 199 177
69 218 202
88 134 173
139 86 165
209 155 238
180 225 97
127 219 169
40 153 238
64 84 188
79 165 215
140 110 188
216 157 250
97 227 143
165 203 200
241 176 171
74 170 224
109 203 159
66 156 84
104 231 185
190 168 160
142 159 236
57 84 188
135 193 198
102 245 166
161 253 193
105 210 163
243 216 109
158 202 155
199 253 239
126 120 191
152 58 137
243 209 102
184 137 137
183 52 140
216 135 116
169 67 214
168 190 176
164 254 90
243 206 99
150 58 135
55 82 186
109 140 127
142 159 236
183 51 141
146 181 122
100 245 164
61 161 79
116 140 120
139 156 240
172 99 232
132 214 181
61 168 79
243 203 99
48 82 193
154 253 228
106 159 210
176 106 229
71 147 114
183 106 229
188 233 145
72 230 185
37 127 219
101 111 160
86 171 119
132 149 240
184 106 229
204 150 233
120 199 229
47 82 194
66 226 204
155 252 249
168 142 157
61 175 72
116 135 115
202 196 157
179 135 125
79 226 193
97 162 122
186 150 133
141 224 139
200 150 233
79 199 130
185 82 228
228 172 195
112 171 104
179 143 126
210 255 137
152 114 235
238 135 242
67 92 171
195 80 149
107 200 88
190 254 93
155 209 202
128 221 94
239 231 117
217 231 140
109 231 152
49 162 115
234 172 195
210 231 144
47 75 201
113 192 229
185 196 209
202 122 147
109 160 239
204 150 233
54 182 72
60 167 210
174 234 131
114 204 202
208 63 130
50 186 76
187 110 171
250 216 102
179 63 226
215 63 137
181 76 112
188 76 112
47 69 201
43 75 201
97 219 148
180 163 115
173 179 144
154 246 186
185 180 179
180 68 121
186 63 226
131 196 214
138 135 236
196 232 242
171 254 90
128 225 90
146 152 216
165 63 233
250 196 106
143 134 236
193 56 219
193 65 129
188 69 105
199 198 163
164 254 90
215 63 130
243 206 99
191 66 102
51 85 193
106 140 185
244 141 242
79 162 120
199 186 187
218 225 211
142 245 145
86 199 130
116 133 120
121 232 90
82 108 223
179 253 245
50 191 81
175 225 111
40 69 208
211 232 218
220 132 127
197 52 223
117 133 120
164 254 90
159 241 186
237 134 242
215 56 137
244 134 235
189 153 118
55 77 181
189 153 125
185 66 102
36 73 212
47 162 115
188 62 112
100 207 88
239 129 230
102 252 166
189 154 118
238 135 236
161 59 229
167 141 156
