0 0 0
7 0 7
11 0 11
11 7 11
11 8 12
10 8 12
10 15 12
3 15 19
10 15 26
10 8 33
10 12 37
12 14 39
5 14 46
9 14 50
2 14 57
2 7 64
6 11 68
13 11 75
20 11 82
25 16 82
25 23 82
25 26 85
32 26 92
32 19 99
32 12 99
38 12 105
45 12 105
45 5 112
46 6 113
46 13 120
46 20 127
53 20 127
54 21 128
61 21 135
61 28 135
57 32 139
62 37 144
69 37 151
76 44 151
76 49 156
81 54 161
81 61 161
85 61 157
92 68 157
90 70 159
97 77 159
97 84 166
97 86 166
104 86 166
111 86 166
111 93 166
118 100 173
122 100 177
122 107 184
124 107 186
131 107 186
131 114 186
126 119 191
127 120 191
127 113 191
127 107 185
133 113 191
140 113 198
140 119 198
139 120 197
139 127 197
139 134 197
139 137 200
140 138 201
140 145 208
147 152 215
140 152 215
133 152 215
127 158 209
120 165 216
120 172 223
120 179 223
126 179 223
133 179 216
140 179 216
140 184 216
140 191 216
141 192 215
141 199 215
144 199 212
150 205 218
157 205 218
163 205 212
163 212 205
163 219 205
165 221 207
172 221 207
172 225 203
179 232 203
181 230 201
188 230 194
191 233 191
191 240 191
191 247 191
198 247 198
205 247 205
212 247 205
218 247 199
218 248 199
225 255 199
230 250 194
237 250 201
237 253 204
237 246 204
240 246 204
247 246 211
247 251 216
240 251 223
240 254 226
247 254 233
248 255 234
241 255 241
248 255 248
255 255 255
