0 0 0
7 0 7
7 7 7
11 0 11
11 7 11
11 8 12
10 8 12
10 15 12
10 19 16
10 19 16
10 19 16
10 19 16
10 19 16
10 19 16
10 19 16
10 19 16
10 22 12
9 23 11
10 23 12
3 15 19
10 15 26
17 8 33
21 8 37
17 8 33
21 15 44
10 8 33
16 14 39
16 14 39
16 14 39
10 12 37
12 14 39
18 14 45
10 23 11
10 4 37
5 14 46
5 21 53
7 23 55
5 21 53
5 21 53
7 26 58
24 8 26
27 8 29
5 21 53
5 21 53
32 13 29
5 21 53
33 12 29
12 8 45
36 12 29
36 13 29
0 33 58
0 40 58
9 14 50
0 47 65
18 17 45
0 47 65
0 54 72
4 58 76
4 51 69
2 14 57
2 21 64
2 21 64
2 21 64
2 28 71
0 54 72
4 44 62
2 21 64
4 51 55
7 54 52
4 60 78
4 54 58
2 31 74
4 51 69
2 21 64
2 21 64
4 51 69
0 54 72
11 44 62
14 54 52
15 55 53
15 58 56
14 58 48
18 14 26
11 57 52
3 14 58
15 58 47
7 47 51
14 47 51
4 14 33
16 45 51
2 7 64
6 11 68
13 11 75
20 11 82
20 11 82
20 11 82
20 11 82
20 11 82
20 11 82
15 9 77
20 9 82
20 9 82
15 14 82
15 14 82
15 14 82
14 41 51
4 47 65
15 14 82
15 14 82
4 15 33
25 11 77
2 33 56
15 14 82
2 35 71
8 58 40
15 14 82
8 60 40
15 14 82
25 16 82
15 60 33
16 59 32
25 23 82
31 1 19
25 26 85
9 14 26
5 35 74
18 26 92
15 67 26
15 68 27
0 11 68
15 68 26
32 26 92
25 9 75
23 59 32
18 51 62
30 59 32
14 26 96
24 51 56
25 51 62
15 60 19
36 13 22
32 19 99
26 52 63
15 67 26
15 67 26
15 67 40
36 18 17
27 25 80
4 40 72
7 40 72
7 42 74
32 12 99
38 12 105
39 12 99
32 59 30
18 26 85
39 59 37
45 59 43
43 12 99
39 59 30
46 59 30
46 66 23
37 1 13
46 69 23
53 59 23
15 59 19
50 63 34
50 63 34
26 25 105
34 25 80
40 25 74
26 59 63
45 12 105
36 12 22
26 6 99
46 12 106
30 6 103
26 66 63
22 14 77
12 28 96
26 32 105
6 11 68
33 39 112
21 71 63
40 32 119
30 13 103
9 14 58
33 39 112
27 13 29
50 70 34
21 17 45
40 36 123
45 32 119
33 39 112
60 59 16
9 7 64
39 52 37
35 41 112
55 75 34
54 60 24
61 75 34
33 39 112
26 73 63
54 59 34
67 59 16
3 12 58
26 80 56
31 85 61
31 88 64
46 59 37
31 73 58
27 74 64
69 57 16
31 71 58
56 59 36
10 15 19
26 1 14
40 29 122
26 13 99
32 89 64
31 6 14
52 70 32
31 89 57
41 30 123
39 89 64
50 59 20
70 59 19
10 14 19
76 57 16
57 70 34
54 59 24
27 89 57
56 52 43
30 89 64
57 60 37
83 50 23
83 53 26
79 60 19
38 89 50
27 91 57
45 5 112
84 54 26
46 6 113
59 49 46
40 32 105
34 29 122
84 53 27
59 75 32
46 38 105
42 93 46
84 49 23
59 42 46
84 45 23
58 60 37
46 13 120
38 5 119
59 35 46
26 39 105
15 26 85
19 3 26
84 61 26
61 70 34
59 34 47
15 29 88
37 5 120
88 65 26
45 13 120
38 96 50
9 12 58
38 103 50
37 88 46
39 104 50
38 104 50
48 38 103
55 31 103
39 50 37
46 89 64
26 41 105
66 34 47
47 98 51
62 31 103
19 59 15
53 104 51
19 61 13
53 108 47
40 18 74
68 36 49
73 34 47
21 61 17
21 61 15
75 36 49
53 115 47
33 104 50
57 119 47
66 35 107
27 89 64
59 47 41
68 43 49
32 25 105
68 35 109
75 36 49
55 110 49
53 118 44
75 36 49
6 56 40
66 35 107
25 58 63
19 13 21
69 35 109
66 35 107
84 65 26
13 4 75
66 35 107
24 23 103
43 5 92
59 108 47
59 28 46
69 24 103
67 26 108
53 119 51
60 66 9
22 21 77
73 24 99
27 26 82
59 115 41
66 72 15
84 50 23
66 72 15
15 56 47
73 79 15
67 73 9
48 89 64
66 72 15
73 20 108
66 101 47
27 96 71
66 72 15
27 99 74
76 76 18
75 36 49
80 86 15
43 12 85
67 73 9
50 52 20
67 73 9
66 35 107
49 90 65
75 36 49
49 91 66
59 65 8
80 86 22
72 107 47
87 86 22
70 57 19
77 77 19
94 86 22
60 119 58
56 59 26
75 36 49
59 118 38
94 88 22
73 86 8
76 60 13
99 86 27
82 36 49
106 79 27
68 101 49
75 88 8
74 107 47
27 26 82
72 87 8
46 118 37
32 5 99
72 94 8
27 106 74
79 101 8
79 101 8
81 107 54
79 108 8
80 109 9
81 105 56
88 107 54
66 35 107
109 82 30
106 77 25
73 86 29
88 105 56
59 59 8
64 119 62
45 118 37
95 114 54
95 107 54
99 111 58
57 60 27
109 75 30
27 113 74
95 115 53
95 115 55
32 113 79
80 109 8
41 29 123
40 12 82
80 109 8
99 107 62
113 86 26
87 85 23
91 114 58
59 24 46
80 109 9
73 38 43
38 5 105
8 56 38
77 99 13
113 89 23
119 92 32
7 26 96
80 109 9
106 111 58
113 118 51
80 109 9
52 118 31
78 109 8
80 109 8
80 109 9
46 119 58
103 82 24
115 118 49
50 123 62
101 88 25
41 119 58
24 116 74
1 60 33
39 113 79
50 45 20
43 109 79
126 85 32
103 82 24
99 118 58
115 120 51
99 106 62
119 86 32
43 116 86
119 92 32
119 92 32
94 85 23
116 115 54
126 80 27
115 125 49
46 97 51
41 126 58
27 113 67
131 85 32
92 86 27
24 121 79
96 106 53
43 122 92
15 33 85
15 36 88
88 115 53
59 23 47
88 122 53
22 25 77
41 129 61
116 68 30
41 136 54
115 128 52
116 61 30
99 111 58
46 118 37
115 128 52
106 106 58
43 109 93
132 85 32
110 130 44
41 143 54
46 113 32
113 118 65
48 104 98
52 16 47
132 92 32
48 150 61
36 109 86
131 85 32
139 92 32
112 119 66
88 127 58
23 11 75
141 94 34
43 155 66
49 150 61
117 130 37
20 41 51
122 135 37
37 88 50
117 137 30
48 150 61
129 142 44
129 142 44
119 112 71
108 74 30
148 94 34
132 145 44
104 130 38
153 94 29
160 94 29
44 156 67
134 147 42
48 150 61
24 128 79
126 119 78
163 97 29
24 132 75
119 135 28
131 85 32
119 142 21
46 106 32
112 149 21
37 5 119
131 119 83
40 143 53
161 93 30
45 5 119
70 119 56
129 135 44
141 154 49
155 87 41
40 109 96
162 92 29
41 144 53
21 135 75
148 154 49
49 157 61
135 123 83
119 156 21
88 122 46
169 85 29
117 137 37
49 164 54
33 21 17
34 136 54
138 112 83
33 136 53
132 99 32
151 154 49
91 121 58
112 156 21
49 91 65
46 20 127
156 86 42
31 128 79
24 8 19
135 160 49
104 123 38
95 134 58
138 119 83
99 88 27
53 20 127
54 21 128
69 18 97
54 21 128
140 112 81
130 134 45
170 97 29
66 16 47
86 124 44
119 163 21
48 101 98
8 29 88
135 167 56
45 20 128
50 122 99
62 24 103
141 154 49
56 122 105
45 164 50
119 149 21
39 106 32
140 119 81
48 151 60
116 138 30
6 14 23
49 164 46
130 123 82
134 154 42
160 87 29
61 21 135
102 141 65
34 106 27
142 167 49
174 97 25
0 19 96
140 123 81
126 112 78
104 116 38
176 85 29
67 21 141
21 54 17
135 154 49
61 28 135
103 142 66
48 150 61
118 163 20
118 164 22
99 111 58
117 164 20
74 21 141
46 105 32
142 169 49
142 123 76
119 164 20
180 85 29
33 32 105
54 21 128
40 106 96
96 142 66
121 110 71
38 147 53
57 32 139
162 91 30
75 22 142
27 96 74
62 37 144
180 82 26
157 87 43
147 123 71
49 151 60
45 171 43
39 120 79
52 178 36
45 169 41
31 80 58
157 94 43
157 86 44
66 15 48
135 174 56
102 141 65
69 37 151
54 17 132
33 147 53
27 106 27
150 86 42
45 165 51
104 82 23
76 44 151
53 179 37
123 164 20
39 69 23
76 19 139
8 68 26
53 168 50
94 144 66
38 169 34
76 37 151
102 141 65
5 21 46
53 168 50
38 175 28
31 1 7
156 97 32
79 34 154
76 49 156
102 141 65
69 49 156
181 104 25
20 113 67
53 186 37
43 122 106
138 105 83
55 37 151
96 135 73
128 181 56
34 133 54
54 120 107
18 126 75
61 120 114
46 186 37
125 162 27
140 105 83
45 187 37
48 37 158
18 44 62
144 125 78
139 178 56
147 125 78
143 182 60
141 161 49
20 113 27
53 177 36
39 66 44
53 193 44
62 120 115
45 37 161
45 157 50
20 120 27
36 129 113
19 121 27
24 103 27
128 110 71
114 134 48
47 199 44
42 135 119
15 43 88
47 205 50
35 135 119
143 189 60
60 168 50
81 54 161
87 144 66
17 135 79
133 181 61
142 189 61
38 20 128
87 151 73
81 61 161
142 181 61
54 212 50
125 162 27
149 195 66
185 108 25
54 199 37
84 154 76
145 199 62
149 202 73
56 214 50
149 203 62
36 122 120
149 210 62
147 212 62
20 106 74
149 212 62
55 42 42
56 115 62
29 135 125
55 38 103
145 212 62
47 37 163
53 176 35
55 199 36
56 122 99
146 198 61
46 97 51
42 142 126
8 73 31
35 121 121
141 191 58
126 181 58
117 132 39
156 97 32
24 135 79
81 37 151
54 214 50
75 18 91
24 135 120
91 161 76
112 112 73
149 209 80
114 141 48
33 129 113
119 128 21
89 135 80
149 210 80
154 204 85
81 44 158
180 78 29
81 54 161
147 121 69
160 198 85
69 35 153
156 97 32
88 164 76
25 54 67
192 108 25
81 54 161
68 18 91
57 39 139
83 61 163
153 87 29
167 198 78
54 202 37
29 142 125
56 210 52
64 168 54
33 122 113
154 206 87
91 168 83
140 98 83
16 120 27
156 97 32
119 121 14
31 8 7
109 109 76
170 198 75
91 175 90
24 142 113
45 124 108
28 50 63
151 201 85
50 116 62
109 102 76
61 16 140
123 125 14
83 135 80
102 141 65
43 45 20
43 70 48
17 141 85
193 108 26
38 171 43
43 129 127
88 61 161
58 118 31
91 182 90
64 113 56
61 124 114
151 147 49
84 153 77
32 61 74
87 182 90
81 105 54
109 101 77
34 61 74
90 61 163
82 38 150
93 177 92
142 210 87
24 96 74
144 125 78
46 131 63
199 101 25
89 134 81
61 202 30
63 202 28
108 109 77
81 47 168
17 50 17
91 161 83
66 38 36
54 202 23
133 110 66
47 30 163
48 148 126
36 23 22
87 189 90
114 144 45
156 210 62
67 51 154
109 94 77
49 161 54
124 130 30
20 34 44
167 205 78
135 210 87
119 114 14
83 138 83
28 143 126
93 177 92
61 36 139
180 77 29
113 98 81
17 142 113
126 176 58
110 110 77
115 111 49
25 39 44
36 171 43
58 214 48
43 70 48
134 154 42
84 158 72
170 208 75
48 70 53
43 120 79
180 88 26
87 195 96
201 101 25
170 212 75
113 92 87
32 61 74
63 209 21
28 121 121
43 154 67
85 61 157
45 101 96
174 104 32
47 202 16
68 209 21
45 28 165
91 161 83
104 109 45
57 46 132
79 109 8
32 61 74
38 168 28
8 75 19
81 54 161
43 163 23
40 202 16
199 100 26
93 177 92
87 194 85
52 9 54
71 44 156
177 212 75
54 11 56
35 207 16
141 147 49
63 52 126
201 94 25
184 212 68
92 68 157
62 210 21
75 15 88
131 123 30
93 161 83
35 202 16
183 218 75
14 135 75
45 186 37
103 79 30
133 123 28
87 175 94
20 141 81
14 137 77
156 215 57
14 141 75
90 70 159
201 87 25
77 51 168
190 218 75
126 123 78
47 44 170
116 94 77
77 44 175
88 72 159
47 51 177
66 86 29
111 164 22
181 108 25
40 51 184
120 121 13
177 212 68
135 217 87
133 127 28
97 77 159
8 36 88
87 174 95
45 23 170
192 216 77
40 58 191
80 41 178
63 200 26
93 177 92
47 202 44
131 123 79
91 161 83
47 65 191
194 214 77
191 212 61
41 23 174
112 142 21
153 80 29
87 199 85
104 77 159
35 46 189
188 209 58
174 97 39
37 48 191
54 72 191
68 216 21
38 43 189
43 61 194
193 217 76
68 219 18
79 22 139
109 87 77
141 161 49
35 43 189
54 205 50
33 200 14
70 52 126
27 87 66
43 122 134
110 86 76
97 84 166
192 212 60
10 14 26
77 45 16
54 124 121
94 199 85
32 61 74
27 141 81
34 16 174
108 84 76
87 41 178
36 48 192
188 211 56
37 58 194
141 161 49
104 164 29
32 14 176
113 90 85
179 210 77
97 86 164
87 45 182
39 25 105
31 132 75
50 156 23
92 138 83
181 209 58
110 79 76
15 106 79
62 124 115
140 96 81
36 18 180
68 219 24
47 72 191
97 86 166
150 80 26
54 202 16
34 20 128
174 111 32
122 159 18
193 101 19
189 208 57
87 199 96
103 144 66
73 86 22
144 125 78
59 168 51
20 87 66
0 12 103
46 152 19
202 86 25
0 15 106
31 124 124
52 77 196
26 200 14
91 166 71
47 126 138
56 193 47
75 25 91
54 51 177
9 60 19
128 217 80
39 52 30
0 9 106
113 76 76
40 72 191
108 77 78
87 63 159
115 114 18
68 219 21
174 118 32
104 86 166
98 203 89
105 210 82
111 86 166
47 23 170
57 52 132
174 125 25
111 84 166
33 72 198
95 199 84
84 199 99
147 114 69
135 204 87
105 216 82
105 142 21
156 210 55
48 87 46
33 115 113
64 42 156
74 108 8
107 216 84
77 59 133
104 84 152
69 35 33
43 70 48
49 129 127
33 74 198
199 94 23
32 66 37
54 58 177
54 15 56
52 82 196
65 214 48
128 204 94
128 125 14
43 70 48
46 179 44
194 207 77
100 117 57
92 136 85
40 207 16
87 38 150
104 91 152
200 201 83
75 18 91
51 90 46
42 141 113
77 56 133
32 61 74
33 106 96
122 121 25
191 219 61
135 105 83
144 125 78
199 107 19
22 61 18
91 41 182
70 113 62
8 36 88
106 209 81
98 164 35
108 73 155
104 94 152
177 128 22
200 108 26
191 222 58
177 218 75
111 93 166
111 84 166
49 157 46
43 121 134
201 86 26
83 50 181
27 71 64
14 67 39
72 214 48
128 217 94
194 219 58
26 114 66
193 218 77
200 195 83
26 201 14
72 86 7
200 188 76
90 142 73
79 214 48
151 140 49
27 132 75
194 188 82
104 107 45
191 221 61
201 86 24
26 74 205
83 52 181
47 119 138
107 148 48
45 43 189
108 76 77
56 129 99
147 96 81
47 45 191
93 39 182
61 51 177
201 219 58
177 130 20
111 73 155
58 90 46
59 77 196
118 93 173
55 37 104
45 119 140
68 32 91
38 112 140
69 33 92
177 205 58
177 137 20
32 61 74
36 70 55
67 19 139
40 51 177
115 78 78
33 74 212
156 222 57
134 204 100
32 18 184
85 136 92
32 61 74
47 128 140
46 88 202
207 188 76
12 135 77
128 210 87
118 100 173
75 37 145
119 92 173
192 219 60
134 197 107
56 17 124
87 61 23
39 101 27
40 5 82
141 190 114
16 121 27
82 43 49
174 125 39
0 26 103
84 56 133
83 199 85
200 208 90
141 197 121
154 79 28
23 71 208
112 223 75
33 67 219
111 69 155
76 52 181
54 204 50
3 12 106
167 125 25
122 100 177
28 21 22
47 200 16
44 90 200
201 188 75
12 68 13
37 97 200
80 215 48
45 118 24
197 208 93
118 104 169
18 74 19
203 211 93
93 32 182
86 164 76
63 45 119
178 138 21
47 117 140
185 138 21
112 230 75
208 226 58
122 107 184
115 71 85
124 107 186
113 231 76
68 202 14
124 123 37
154 103 88
114 108 169
119 97 180
119 119 85
197 215 93
59 77 196
209 225 59
119 110 184
37 104 200
216 218 59
86 72 157
220 222 59
70 44 175
18 74 19
122 110 184
185 145 28
93 41 178
37 107 203
53 145 19
43 70 48
125 92 167
64 82 196
111 91 152
126 126 92
122 78 78
132 92 167
58 87 46
134 190 114
43 70 48
56 134 94
43 157 67
166 205 77
47 5 82
128 127 31
192 145 35
199 145 42
70 53 125
193 144 35
21 73 58
166 126 24
118 69 155
52 156 21
43 129 127
18 4 77
218 216 59
84 63 133
138 86 173
15 50 88
209 86 25
117 73 87
122 73 87
137 134 52
95 141 65
127 190 121
210 211 93
24 54 17
211 212 94
209 79 25
109 82 30
123 110 10
61 79 184
32 120 79
116 68 23
36 107 204
85 129 92
197 150 30
185 152 28
140 88 175
214 181 76
139 92 167
140 91 167
76 33 92
36 97 200
154 96 88
123 149 17
23 76 213
215 79 31
68 195 14
128 224 94
83 33 92
213 225 55
209 72 18
128 227 97
90 40 92
23 65 208
69 82 201
44 114 203
37 169 34
79 53 26
128 234 97
42 116 205
90 47 99
23 74 202
166 132 24
69 89 201
220 181 76
38 109 140
15 53 91
47 204 50
116 110 49
211 219 94
154 89 88
208 233 51
161 89 88
214 91 25
87 34 150
215 72 31
43 104 88
47 117 136
140 86 167
185 155 31
70 37 182
30 14 174
194 200 77
209 91 30
46 116 203
175 218 77
20 42 62
19 87 67
131 107 186
26 10 103
215 65 38
93 25 182
82 86 15
33 94 50
185 162 31
55 145 17
70 99 13
154 97 34
133 110 71
57 28 135
95 141 72
139 99 160
193 218 76
122 100 169
119 104 187
162 88 88
181 166 27
108 223 71
63 202 32
128 228 90
90 33 92
40 74 212
95 52 104
39 110 141
105 150 46
169 88 95
79 131 44
136 135 44
97 21 186
122 74 78
102 142 21
38 69 22
97 47 99
139 102 157
46 151 18
56 12 124
93 21 190
61 86 177
208 227 59
40 12 75
48 104 88
161 95 94
218 68 41
97 94 152
36 14 176
25 200 15
156 229 57
47 37 161
43 15 78
200 205 93
146 109 157
93 21 182
161 82 95
83 46 33
187 188 82
146 115 157
155 230 56
216 72 18
223 72 11
221 91 25
33 114 113
141 195 54
204 157 30
69 82 196
50 52 132
98 150 46
102 26 191
47 110 136
39 116 205
184 218 68
83 40 92
54 121 121
50 15 85
79 221 48
172 85 98
37 162 34
108 150 43
79 129 46
112 232 77
26 115 65
43 88 202
79 228 55
211 68 48
138 107 186
211 65 48
223 91 25
125 69 162
63 86 175
211 211 93
52 15 87
54 93 177
102 84 82
197 220 88
173 84 98
104 130 44
113 232 78
131 114 186
131 121 186
65 21 88
84 45 9
79 229 55
31 112 140
223 98 18
141 198 121
24 80 56
144 141 52
54 195 9
40 69 212
120 71 155
215 80 25
112 216 75
211 221 96
79 124 37
97 26 99
211 221 94
121 134 48
128 124 186
200 144 43
209 219 98
61 87 49
215 233 51
223 66 11
172 116 34
138 100 186
119 126 92
174 120 20
54 94 177
193 211 51
146 109 164
91 52 9
211 217 100
30 113 141
112 110 191
130 134 45
154 103 95
51 114 140
225 68 41
179 84 92
67 32 91
211 150 37
172 92 98
199 152 35
101 26 99
196 221 88
24 112 140
138 95 186
222 240 44
33 201 14
54 44 170
109 107 194
211 210 100
94 85 21
208 181 82
0 33 110
57 39 132
136 217 88
232 75 48
208 174 82
185 90 92
57 193 44
228 65 41
45 43 182
218 203 100
228 234 38
207 221 100
211 196 107
109 100 201
185 132 21
232 70 53
101 19 99
47 81 219
12 61 13
212 149 38
232 65 37
157 106 95
7 19 46
229 66 17
27 111 32
47 135 140
102 135 14
117 66 87
154 231 56
108 19 92
205 219 100
137 99 162
73 18 106
106 232 83
235 72 23
16 73 58
128 121 183
235 65 23
87 149 61
52 28 46
100 209 81
141 107 186
126 112 85
108 12 85
24 109 140
231 234 35
242 65 23
95 194 84
134 124 189
141 124 196
208 172 84
109 114 201
131 124 183
161 103 88
137 135 43
150 113 161
232 80 53
196 144 47
218 196 107
208 65 38
179 77 92
166 116 40
115 19 92
46 82 220
109 116 201
185 190 84
186 70 92
103 198 84
143 126 198
216 145 38
82 76 12
204 221 100
98 164 29
190 66 92
60 72 185
148 111 166
113 230 74
204 219 101
51 114 140
43 97 88
68 188 14
121 234 97
69 76 201
115 19 92
139 122 198
106 113 51
115 12 92
109 107 208
70 60 125
126 110 66
63 92 175
118 12 95
111 109 210
185 93 95
94 49 9
134 205 101
155 140 49
102 144 21
42 140 140
63 76 196
219 156 38
150 105 153
93 182 90
197 66 99
167 198 85
53 116 210
110 66 87
18 74 19
108 5 78
249 65 30
54 94 49
125 12 95
162 111 100
61 12 124
128 204 87
174 72 97
28 147 126
47 51 170
45 169 43
130 17 100
150 120 161
71 191 14
34 27 135
249 58 30
150 127 161
109 20 93
111 67 88
181 70 97
128 235 90
51 27 47
28 23 22
150 126 198
235 234 45
245 54 26
200 63 102
116 20 93
37 97 200
128 234 97
63 38 119
190 132 21
70 30 189
130 17 100
225 162 38
37 120 148
55 9 54
211 221 104
150 122 202
191 93 95
90 53 9
204 59 98
101 84 69
196 98 100
135 224 94
123 142 10
150 98 153
193 201 83
242 70 23
30 88 46
204 55 102
162 81 88
126 125 39
192 208 60
187 184 86
130 114 62
118 97 87
93 110 61
196 143 48
198 53 98
223 145 38
32 106 96
69 90 202
70 23 196
37 163 23
56 205 52
162 104 107
115 19 92
140 127 28
130 12 100
0 16 46
50 119 213
115 12 92
45 116 22
35 140 140
110 151 51
203 98 100
115 12 92
27 106 60
182 155 31
98 48 100
145 197 121
202 203 93
126 133 92
211 203 107
204 52 102
83 47 92
8 50 88
218 194 109
221 203 100
214 166 84
150 113 161
204 219 100
97 84 82
105 171 42
76 35 33
206 52 100
102 21 186
83 19 139
52 82 226
218 65 41
17 119 140
77 199 99
120 190 121
207 63 102
115 12 92
216 65 18
93 45 182
115 19 92
91 52 104
47 119 216
56 186 47
33 124 152
157 97 46
25 201 15
153 109 157
163 105 90
114 234 97
80 228 55
214 63 102
98 48 100
52 7 56
132 162 27
31 76 214
40 201 7
18 74 19
57 112 214
47 52 170
106 225 73
232 82 48
75 23 201
57 73 32
103 0 73
190 138 16
37 128 156
199 114 19
37 4 10
221 56 102
55 86 183
98 46 99
134 94 41
156 204 55
118 92 173
216 72 11
109 99 202
84 34 91
47 139 144
70 67 125
225 196 107
226 197 107
43 64 54
23 112 141
193 70 85
146 140 44
39 120 72
151 127 197
115 12 92
150 115 202
142 224 101
101 15 103
115 19 92
211 194 109
37 102 202
40 38 105
153 125 195
37 135 163
103 194 88
45 16 47
126 119 191
